863
472
561
749
475
664
716
818
574
858
470
591
373
716
647
766
484
843
611
241
364
493
443
302
575
691
795
504
216
712
372
596
799
820
597
733
697
321
569
426
267
397
312
758
505
829
408
824
411
458
379
326
418
333
305
540
217
325
537
599
527
363
682
751
707
729
171
401
790
299
481
552
196
241
374
253
645
592
167
627
591
416
280
357
595
553
271
421
634
199
573
378
202
670
684
372
305
379
226
494
672
589
425
154
175
155
326
227
192
169
176
430
633
737
526
538
412
648
703
672
626
476
254
197
618
138
383
153
530
544
433
387
147
485
274
130
582
617
185
655
658
485
309
701
703
399
90
595
499
677
316
283
104
477
345
285
281
191
147
240
473
544
138
187
695
298
669
199
497
625
556
486
624
77
460
67
641
216
378
287
339
194
155
594
530
199
101
518
285
288
373
543
163
386
268
581
566
129
245
85
93
159
98
293
601
634
283
62
34
573
506
442
380
343
434
316
486
87
546
473
608
125
97
119
96
217
376
287
55
42
433
98
518
250
100
496
253
444
193
357
400
502
165
56
481
633
127
367
-13
-3
162
363
68
483
224
513
491
567
59
592
345
395
34
152
303
578
486
559
215
537
43
182
535
475
255
538
363
207
-36
226
399
70
334
226
392
179
393
518
155
347
552
371
-28
49
274
456
28
188
412
410
297
222
-60
298
99
300
-48
194
-48
430
312
166
527
-65
-46
148
333
143
451
-18
213
183
536
239
-84
513
420
474
363
200
239
133
-76
19
71
-76
-72
-11
178
80
199
-29
495
185
-75
366
392
379
212
-79
518
177
296
228
-59
11
390
308
89
24
257
202
444
292
139
180
294
119
-25
406
295
256
338
93
290
116
321
270
405
131
427
429
-9
252
-109
-14
309
-59
429
345
-5
22
-126
221
-83
424
46
385
258
213
415
-65
79
-3
362
-94
297
-132
368
-8
-48
-6
61
76
180
-65
306
191
209
206
397
319
248
-77
360
424
450
225
279
-170
-78
-125
-159
-11
-130
311
147
20
198
182
155
192
58
76
19
80
91
-136
-202
160
5
-2
-45
-17
-92
-5
-88
175
232
135
29
-64
-90
-63
376
76
156
-111
53
187
-52
-81
265
152
-156
-203
8
239
165
-96
155
131
33
213
161
209
-114
-41
37
-98
-220
94
306
379
19
21
58
28
-83
-183
-264
192
-72
-97
293
-187
-159
-94
-5
-56
268
-112
-67
264
358
163
14
107
274
58
-253
-141
-232
-94
47
-278
-86
332
159
254
-171
295
133
317
-174
-39
77
312
96
-10
335
20
-116
282
328
-167
-122
-309
-83
326
-256
11
-151
289
243
120
-282
276
6
245
6
268
22
-96
-45
82
43
104
119
138
303
281
-250
198
-62
-22
101
213
-225
-104
236
-202
189
-222
-58
-248
-163
-293
-319
-238
-314
1
-84
2
109
-5
-350
232
265
-328
-260
212
198
-350
-183
-81
257
-21
-266
-102
126
-54
-319
177
139
-251
36
1
-43
104
-26
-43
-289
-303
-171
-329
-371
-155
-148
-29
-298
75
-61
-268
-120
-259
-90
-274
-120
-151
-106
103
158
-262
-235
-107
-246
119
4
229
226
186
-220
123
-293
-65
-341
-211
-34
-400
-274
-315
208
134
-49
-5
121
-323
159
63
-152
17
-282
148
-264
-236
-434
-60
-51
-23
-218
-230
-316
-218
-449
-145
51
64
-119
-338
-427
58
163
-180
-79
-403
-135
180
-441
133
174
128
-394
-98
72
-445
56
-428
-421
93
92
-386
-276
-14
-208
-473
44
-6
85
-438
88
-290
-388
-224
-37
74
-366
139
100
-464
-86
-94
135
-479
-314
-377
40
-6
-256
5
-405
-248
-468
75
-150
-7
-170
20
-287
-490
-213
-110
-208
-60
-93
-441
-330
-45
-491
-178
85
-68
-502
-408
-312
-148
-270
57
-253
-142
-397
-178
-503
-258
-297
31
-276
-89
-232
32
-350
-412
-317
-420
-310
-124
-299
-58
38
-473
35
-216
-138
-508
-2
13
-432
55
-120
-254
-84
-528
-337
-261
15
-306
-465
-83
-560
-316
-174
-109
-197
-249
-563
-420
3
-123
-79
-59
-55
-385
-115
-11
28
-124
-206
-71
-373
-483
-366
-524
-233
-129
-323
-452
-488
-241
-528
-467
-203
-201
-292
-557
-29
-526
-6
-414
-530
-13
-532
-114
-165
-281
-88
12
-548
-608
-519
-516
-400
-93
-274
-413
8
-483
-52
-575
-590
-228
-624
-290
-159
-58
-3
-50
-511
-95
-89
-115
-377
-561
-441
-176
-492
-150
-560
-511
-163
-331
-549
-372
-473
-435
-556
-246
-222
-361
-562
-128
-306
-449
-342
-94
-579
-450
-357
-400
-355
-109
-53
-210
-204
-362
-556
-496
-475
-156
-83
-310
-224
-448
-578
-184
-281
-469
-597
-232
-676
-352
-361
-555
-292
-232
-231
-601
-101
-231
-609
-219
-590
-658
-359
-228
-105
-438
-533
-168
-159
-259
-658
-338
-225
-640
-484
-95
-533
-200
-587
-408
-324
-514
-364
-95
-269
-262
-207
-679
-286
-407
-557
-133
-554
-700
-317
-566
-111
-314
-737
-705
-516
-215
-446
-523
-503
-566
-260
-453
-667
-683
-705
-618
-710
-448
-300
-602
-520
-512
-735
-188
-151
-687
-617
-276
-520
-639
-250
-383
-346
-519
-281
-371
-548
-327
-609
-606
-608
-151
-759
-567
-199
-194
-645
-292
-414
-358
-325
-581
-615
-288
-177
-188
-180
-436
-240
-700
-591
-346
-322
-602
-346
-222
-679
-701
-175
-173
-511
-777
-365
-673
-534
-553
-352
-635
-704
-706
-605
-766
-301
-777
-764
-742
-411
-817
-595
-480
-308
-470
-591
-780
-468
-307
-510
-329
-523
-562
-530
-828
-584
-295
-762
-300
-635
-298
-688
-676
-619
-593
-620
-815
-398
-784
-414
-569
-630
-774
-755
-857
-654
-836
-338
-792
-395
-384
-634
-812
-793
-744
-776
-376
-856
-379
-569
-314
-686
-322
-836
-395
-616
-609
-778
-591
-842
-693
-833
-392
-533
-310
-786
-588
-789
-258
-347
-512
-493
-303
-285
-687
-619
-377
-439
-275
-883
-586
-568
-719
-624
-293
-608
-297
-694
-883
-682
-359
-902
-426
-693
-284
-506
-352
-763
-772
-525
-882
-321
-771
-338
-375
-828
-308
-353
-371
-868
-678
-354
-314
-428
-619
-504
-551
-544
-707
-351
-506
-706
-593
-417
-514
-508
-700
-771
-892
-781
-793
-433
-341
-658
-637
-478
-752
-544
-481
-475
-462
-541
-470
-602
-555
-400
-721
-341
-523
-788
-408
-347
-610
-516
-951
-409
-786
-591
-939
-923
-599
-381
-984
-849
-737
-467
-569
-675
-819
-838
-855
-411
-952
-962
-574
-738
-511
-879
-426
-367
-462
-696
-981
-741
-767
-897
-572
-628
-784
-630
-492
-898
-402
-383
-929
-662
-956
-639
-847
-823
-396
-709
-521
-739
-435
-845
-755
-638
-630
-926
-964
-795
-925
-1012
-560
-594
-797
-568
-638
-408
-1023
-598
-497
-818
-733
-799
-914
-976
-668
-721
-557
-580
-948
-552
-726
-948
-976
-1052
-492
-867
-566
-980
-663
-809
-988
-802
-984
-857
-1061
-759
-622
-1053
-861
-1047
-595
-892
-570
-472
-987
-734
-572
-875
-740
-801
-563
-966
-971
-509
-517
-833
-634
-536
-690
-534
-776
-895
-1083
-570
-1045
-506
-587
-756
-537
-581
-1081
-1106
-835
-1065
-888
-969
-540
-772
-675
-720
-981
-524
-832
-820
-1038
-534
-657
-874
-1094
-627
-604
-1008
-539
-583
-1040
-1004
-617
-747
-877
-965
-814
-579
-798
-592
-680
-787
-511
-978
-623
-1145
-733
-705
-824
-949
-646
-751
-906
-778
-871
-635
-950
-1069
-1102
-793
-895
-916
-704
-608
-747
-638
-908
-1017
-846
-912
-941
-1001
-975
-910
-709
-847
-1156
-822
-779
-811
-878
-1062
-957
-634
-1130
-1068
-1104
-680
-725
-648
-759
-930
-809
-695
-983
-595
-1032
-1195
-915
-742
-1014
-945
-631
-568
-915
-1141
-1178
-1186
-648
-595
-1170
-1210
-758
-760
-872
-1075
-666
-1020
-617
-990
-861
-584
-636
-599
-701
-724
-629
-1166
-1130
-1046
-842
-791
-1032
-599
-766
-841
-986
-807
-603
-806
-771
-961
-665
-951
-1134
-759
-960
-885
-774
-695
-735
-1243
-1151
-618
-785
-899
-1150
-627
-873
-758
-1083
-1265
-975
-1163
-825
-1052
-1224
-1142
-1081
-700
-791
-1238
-1109
-932
-756
-966
-687
-1179
-923
-1148
-726
-749
-690
-925
-864
-836
-1064
-1126
-1168
-969
-1186
-1139
-1228
-980
-1007
-1121
-1235
-1201
-1072
-1178
-1123
-1264
-1111
-748
-1239
-911
-956
-1308
-890
-905
-1260
-846
-1046
-1267
-857
-950
-1046
-779
-1273
-1178
-774
-943
-786
-858
-1029
-1134
-1198
-739
-858
-821
-874
-867
-1100
-1205
-1184
-958
-764
-1203
-1252
-828
-819
-707
-1314
-954
-1343
-722
-1113
-765
-1233
-1346
-815
-961
-1267
-891
-758
-1006
-1255
-742
-830
-1194
-1300
-906
-948
-1254
-1141
-854
-1136
-1052
-894
-1259
-1173
-1179
-1246
-1008
-1096
-1005
-1138
-1332
-1065
-1356
-1346
-1171
-1151
-977
-1322
-1275
-830
-970
-1310
-1212
-1054
-757
-1266
-1251
-1075
-875
-844
-1209
-1182
-917
-853
-1301
-1120
-874
-1116
-1296
-1411
-1270
-834
-1344
-1295
-1140
-1340
-1203
-949
-1307
-1006
-1175
-1005
-961
-1275
-886
-1390
-1050
-854
-1109
-1094
-1420
-1253
-1236
-1206
-1163
-1438
-1404
-840
-1139
-871
-1050
-992
-1061
-1388
-1147
-1335
-1057
-1284
-1277
-1224
-1392
-1363
-1228
-1042
-981
-1422
-1083
-1106
-1431
-864
-1357
-1276
-978
-896
-881
-1077
-885
-1244
-1215
-990
-1392
-1344
-1404
-927
-1407
-922
-1120
-843
-1131
-1315
-934
-1049
-1059
-1073
-1126
-917
-1274
-1481
-908
-1354
-1316
-1014
-1198
-1402
-1130
-1046
-884
-1253
-1081
-1183
-959
-1051
-1059
-1354
-1053
-1242
-1427
-1006
-1184
-1243
-1009
-916
-1339
-1349
-1267
-954
-937
-1511
-937
-1136
-1290
-1175
-1400
-1242
-1089
-1515
-1222
-1488
-1276
-1113
-1020
-1077
-1398
-1128
-940
-1441
-1133
-1199
-1116
-1292
-1540
-1374
-1454
-1026
-1248
-1014
-1454
-1198
-1483
-1521
-1073
-1351
-1298
-1232
-1304
-1319
-1102
-1368
-1238
-1291
-1371
-1228
-1452
-1426
-1037
-1294
-1075
-1331
-983
-1462
-1383
-1429
-941
-1059
-1363
-1208
-969
-1057
-1511
-1013
-1378
-1255
-1512
-1459
-1359
-1078
-1349
-1290
-1425
-1279
-1205
-1437
-1017
-1320
-1222
-1170
-1537
-1584
-1067
-1307
-1357
-1202
-1215
-978
-1358
-1104
-1216
-1375
-1209
-1459
-1192
-1449
-1585
-1061
-1026
-1404
-1032
-1086
-1311
-1416
-1594
-1369
-1348
-1358
-1539
-1302
-1112
-1189
-1050
-1033
-1230
-1411
-1029
-1469
-1376
-1009
-1118
-1459
-1539
-1324
-1421
-1051
-1126
-1330
-1601
-1277
-1423
-1346
-1631
-1446
-1384
-1264
-1316
-1176
-1048
-1358
-1116
-1515
-1200
-1132
-1475
-1039
-1163
-1427
-1337
-1514
-1245
-1138
-1143
-1368
-1519
-1050
-1224
-1477
-1423
-1347
-1106
-1186
-1538
-1088
-1145
-1347
-1051
-1199
-1633
-1122
-1687
-1076
-1590
-1479
-1415
-1185
-1302
-1646
-1413
-1393
-1210
-1288
-1535
-1287
-1560
-1458
-1625
-1307
-1353
-1608
-1657
-1471
-1193
-1246
-1341
-1103
-1451
-1404
-1392
-1288
-1439
-1618
-1257
-1185
-1717
-1712
-1472
-1562
-1506
-1367
-1436
-1460
-1103
-1250
-1654
-1655
-1199
-1171
-1234
-1715
-1374
-1649
-1735
-1310
-1443
-1219
-1701
-1504
-1353
-1665
-1570
-1410
-1746
-1494
-1243
-1555
-1438
-1678
-1379
-1299
-1259
-1177
-1472
-1478
-1742
-1581
-1706
-1341
-1265
-1501
-1606
-1739
-1531
-1502
-1305
-1690
-1378
-1156
-1610
-1333
-1576
-1147
-1227
-1335
-1493
-1726
-1367
-1352
-1540
-1250
-1224
-1561
-1371
-1204
-1640
-1509
-1286
-1714
-1718
-1302
-1272
-1771
-1731
-1524
-1487
-1653
-1725
-1762
-1316
-1435
-1262
-1249
-1209
-1257
-1788
-1731
-1559
-1332
-1630
-1254
-1220
-1539
-1744
-1550
-1556
-1499
-1716
-1339
-1371
-1386
-1528
-1516
-1530
-1500
-1531
-1317
-1373
-1629
-1342
-1565
-1467
-1323
-1808
-1822
-1748
-1658
-1371
-1772
-1768
-1784
-1500
-1355
-1538
-1250
-1434
-1559
-1479
-1224
-1547
-1845
-1635
-1626
-1655
-1270
-1421
-1508
-1428
-1232
-1492
-1702
-1533
-1835
-1306
-1688
-1394
-1414
-1581
-1803
-1874
-1612
-1238
-1399
-1296
-1424
-1830
-1486
-1771
-1336
-1480
-1635
-1276
-1755
-1433
-1301
-1659
-1401
-1831
-1662
-1273
-1335
-1587
-1521
-1621
-1370
-1297
-1314
-1772
-1821
-1535
-1303
-1697
-1334
-1307
-1538
-1750
-1581
-1376
-1890
-1778
-1742
-1778
-1321
-1879
-1498
-1734
-1308
-1476
-1615
-1914
-1671
-1358
-1920
-1803
-1488
-1769
-1570
-1842
-1656
-1893
-1808
-1748
-1452
-1558
-1334
-1631
-1821
-1383
-1920
-1797
-1324
-1752
-1721
-1557
-1794
-1670
-1854
-1853
-1500
-1448
-1414
-1534
-1346
-1516
-1736
-1825
-1474
-1348
-1766
-1496
-1533
-1582
-1816
-1770
-1740
-1741
-1366
-1808
-1525
-1708
-1953
-1808
-1462
-1591
-1706
-1826
-1932
-1543
-1745
-1486
-1443
-1913
-1791
-1968
-1769
-1455
-1735
-1983
-1433
-1720
-1930
-1723
-1402
-1427
-1658
-1585
-1505
-1373
-1410
-1710
-1830
-1617
-1925
-1962
-1844
-1801
-1547
-1919
-1934
-1735
-1793
-2002
-1696
-1396
-1596
-1415
-2006
-1821
-1977
-1987
-1549
-1673
-1670
-1949
-1889
-1616
-1666
-1674
-1505
-1500
-1400
-1845
-1932
-1731
-1416
-1853
-1795
-1759
-1709
-1520
-1531
-2045
-1487
-1497
-1423
-1414
-1987
-1733
-1646
-1948
-1932
-1468
-1530
-1847
-1927
-1697
-1428
-1861
-2001
-1552
-1756
-1717
-1597
-1581
-1529
-1595
-1606
-1649
-1604
-1761
-1828
-1579
-1878
-2058
-1767
-1616
-1638
-1752
-1681
-1535
-1972
-1722
-1630
-1915
-1548
-1698
-1945
-1805
-1525
-1589
-1684
-1482
-1579
-1533
-1584
-2056
-2032
-2014
-1767
-1911
-1881
-1926
-1592
-1859
-1720
-1805
-1762
-1701
-1528
-1840
-2011
-1633
-1968
-1799
-1501
-1856
-1755
-1661
-1528
-1650
-1486
-1746
-1753
-1600
-1820
-2119
-1607
-1760
-1663
-2016
-1890
-2037
-1986
-1804
-1542
-1946
-1547
-1797
-1767
-2000
-2039
-2137
-2010
-1990
-2095
-2085
-1669
-2100
-2070
-1684
-2008
-1566
-2020
-2014
-1798
-1620
-1674
-1743
-1707
-2163
-1633
-2034
-2082
-2106
-2141
-1895
-1950
-2003
-1972
-1787
-1626
-1734
-1581
-2146
-1999
-2034
-1979
-1558
-2153
-2076
-2052
-1886
-2172
-1737
-1600
-1643
-1864
-1765
-1565
-2179
-1743
-2145
-2071
-1640
-1951
-1579
-2072
-1994
-1662
-1804
-1789
-2185
-1761
-1891
-1695
-1652
-1803
-1865
-2173
-1911
-1946
-1797
-1988
-2169
-1589
-1665
-2155
-1861
-1815
-1816
-2225
-2084
-2154
-1626
-2109
-1861
-2003
-1932
-1769
-2126
-1802
-1922
-2039
-1613
-2043
-2074
-1663
-1642
-2068
-1813
-2157
-2211
-1961
-2130
-2069
-1682
-1721
-2048
-1757
-2099
-1939
-2075
-2224
-1822
-1996
-1856
-1715
-1949
-1626
-1703
-2089
-1756
-2115
-2260
-2100
-2100
-1940
-1810
-2135
-1897
-2167
-1726
-1938
-1704
-2157
-1642
-2158
-1645
-1680
-1690
-2249
-1697
-1948
-2032
-1786
-1799
-1661
-2292
-2002
-1745
-2131
-1708
-1811
-1688
-1785
-1694
-1692
-2197
-2127
-1796
-1701
-2111
-2060
-1701
-1674
-2046
-2170
-1958
-2103
-1793
-2030
-2282
-2232
-1932
-2277
-2006
-2205
-1717
-2321
-1737
-1969
-2316
-1740
-1852
-2274
-2285
-2271
-2049
-1766
-1746
-2214
-1834
-1961
-2291
-1742
-1765
-1854
-2278
-1987
-2145
-2022
-1792
-1958
-2237
-1723
-1999
-1783
-1799
-1929
-1979
-1878
-2233
-2247
-1925
-2354
-2238
-1919
-1972
-2286
-2305
-2071
-1992
-1942
-2287
-2054
-1999
-2231
-2061
-1975
-2284
-2284
-2348
-2287
-1793
-1887
-2139
-1910
-2200
-2175
-1890
-1920
-1891
-2137
-1753
-1976
-2377
-1934
-1982
-2287
-2257
-2354
-2368
-2398
-1829
-2061
-1800
-1971
-2366
-2159
-2127
-2276
-2121
-1916
-2225
-2297
-2294
-2235
-1940
-1791
-2305
-2196
-1913
-2058
-2331
-2226
-2376
-2352
-2007
-2415
-2424
-2091
-1982
-1950
-1990
-2340
-2257
-1923
-2400
-1952
-2303
-2411
-2241
-1954
-2210
-2267
-2093
-2311
-2175
-2156
-2112
-1911
-2097
-1829
-1889
-2264
-2112
-2314
-1814
-1991
-2002
-2300
-2323
-1909
-1862
-1965
-1999
-2111
-2186
-1989
-1876
-2062
-2088
-1978
-2011
-2442
-2302
-2090
-1950
-2384
-2226
-2257
-2459
-2379
-2420
-1907
-1941
-2101
-2038
-2284
-2130
-2283
-2411
-2273
-2331
-2322
-1901
-2451
-2378
-2438
-1857
-2498
-1942
-2322
-2230
-1882
-1930
-2474
-2356
-2199
-2361
-1888
-2272
-1931
-2205
-2278
-1970
-2254
-2001
-2143
-2198
-2118
-2142
-2215
-2198
-1891
-2422
-2508
-2284
-2321
-2349
-2128
-2332
-2245
-2117
-2097
-1891
-2019
-2097
-2388
-2070
-2125
-2463
-2006
-2479
-1967
-2398
-2402
-2386
-2352
-2121
-2411
-2526
-2390
-2269
-2368
-1947
-2094
-2453
-2409
-1931
-2187
-1935
-2511
-2419
-2344
-2047
-2363
-2269
-2141
-2167
-2551
-2565
-2534
-2560
-2064
-2222
-2346
-2507
-2541
-2231
-2283
-2412
-2209
-2376
-2074
-2197
-2399
-1957
-2251
-2283
-2010
-2415
-2306
-2300
-2569
-2223
-2000
-2331
-2406
-2573
-2332
-2250
-2045
-2064
-2150
-2004
-1968
-2455
-2008
-2172
-2605
-2100
-2085
-2544
-2501
-1991
-2345
-2268
-2058
-2271
-2078
-2367
-2559
-2433
-2033
-2055
-2308
-2202
-2393
-2141
-2414
-2428
-2073
-2237
-2094
-2495
-2092
-2313
-2235
-2606
-2550
-2425
-2028
-2001
-2298
-2326
-2504
-2465
-2225
-2258
-2058
-2624
-2573
-2008
-2117
-2347
-2057
-2337
-2186
-2201
-2058
-2192
-2208
-2480
-2089
-2287
-2431
-2198
-2638
-2308
-2181
-2618
-2463
-2658
-2498
-2122
-2483
-2137
-2348
-2046
-2139
-2185
-2551
-2056
-2088
-2148
-2508
-2660
-2459
-2288
-2213
-2241
-2316
-2358
-2494
-2374
-2199
-2510
-2623
-2114
-2409
-2347
-2481
-2134
-2074
-2625
-2421
-2298
-2628
-2073
-2518
-2542
-2122
-2669
-2163
-2081
-2684
-2593
-2308
-2702
-2430
-2511
-2639
-2339
-2324
-2264
-2633
-2086
-2161
-2313
-2225
-2714
-2432
-2635
-2497
-2726
-2579
-2237
-2313
-2617
-2341
-2224
-2481
-2194
-2180
-2120
-2476
-2118
-2482
-2671
-2571
-2634
-2385
-2226
-2627
-2307
-2676
-2588
-2351
-2481
-2665
-2441
-2398
-2597
-2216
-2616
-2543
-2174
-2163
-2411
-2358
-2492
-2471
-2209
-2255
-2769
-2623
-2421
-2681
-2576
-2761
-2730
-2755
-2267
-2609
-2470
-2147
-2411
-2624
-2633
-2209
-2192
-2683
-2513
-2353
-2471
-2323
-2760
-2362
-2730
-2277
-2414
-2697
-2703
-2197
-2224
-2354
-2230
-2180
-2606
-2695
-2550
-2650
-2768
-2377
-2701
-2335
-2292
-2714
-2262
-2211
-2420
-2576
-2570
-2516
-2181
-2459
-2283
-2457
-2310
-2764
-2425
-2640
-2674
-2396
-2485
-2525
-2689
-2327
-2238
-2474
-2396
-2755
-2751
-2760
-2637
-2536
-2370
-2729
-2399
-2600
-2449
-2829
-2817
-2530
-2523
-2642
-2650
-2679
-2598
-2437
-2590
-2833
-2225
-2642
-2632
-2850
-2754
-2788
-2457
-2556
-2403
-2716
-2832
-2622
-2862
-2816
-2239
-2833
-2521
-2321
-2325
-2712
-2555
-2821
-2810
-2607
-2632
-2502
-2671
-2888
-2465
-2473
-2754
-2795
-2458
-2669
-2336
-2886
-2279
-2667
-2843
-2536
-2326
-2503
-2746
-2408
-2378
-2278
-2666
-2824
-2706
-2791
-2282
-2431
-2436
-2538
-2404
-2827
-2415
-2376
-2908
-2767
-2336
-2388
-2545
-2449
-2734
-2663
-2819
-2700
-2561
-2521
-2803
-2674
-2694
-2406
-2900
-2622
-2713
-2780
-2474
-2393
-2625
-2423
-2393
-2389
-2564
-2610
-2891
-2347
-2692
-2405
-2458
-2634
-2687
-2499
-2842
-2925
-2597
-2862
-2615
-2592
-2786
-2433
-2375
-2961
-2437
-2832
-2447
-2483
-2723
-2804
-2884
-2956
-2511
-2453
-2486
-2655
-2809
-2713
-2455
-2750
-2756
-2911
-2347
-2883
-2940
-2366
-2736
-2855
-2470
-2917
-2465
-2746
-2716
-2909
-2509
-2816
-2545
-2383
-2977
-2620
-2937
-2490
-2962
-2765
-2962
-2984
-2816
-2959
-2754
-2398
-2737
-2734
-2528
-2694
-2390
-3010
-2486
-2983
-2644
-2517
-2854
-2386
-2611
-2637
-2558
-3018
-2616
-2715
-2496
-2619
-2988
-2604
-2953
-2990
-2813
-2636
-2966
-2788
-2775
-2591
-2611
-2703
-2543
-2812
-2852
-2752
-3021
-2906
-2577
-2497
-2825
-2606
-2881
-2678
-2430
-2703
-2958
-3047
-2570
-2981
-3047
-2631
-2952
-2576
-2443
-2863
-2606
-2712
-2585
-2994
-2854
-2556
-2885
-2487
-3053
-2898
-2805
-2638
-2924
-2733
-2875
-2524
-2664
-2735
-2536
-2716
-2544
-2729
-2868
-2703
-2994
-2939
-2846
-2468
-2719
-2655
-2554
-2697
-2930
-2633
-2966
-2585
-2579
-2645
-2916
-2997
-2502
-2660
-3035
-2953
-3024
-2875
-2773
-3010
-2812
-2529
-2991
-2552
-2936
-2962
-2532
-2524
-3002
-2863
-2545
-2486
-2863
-2547
-3060
-3083
-2524
-2573
-2536
-3080
-2836
-2601
-2548
-2969
-2597
-2849
-2669
-3005
-2631
-2959
-2579
-2574
-2875
-2511
-2621
-2790
-2625
-2691
-2912
-2695
-2831
-2616
-2791
-3027
-3121
-2787
-2736
-3059
-2990
-3154
-2645
-2689
-3068
-2694
-2820
-2954
-2786
-2552
-3162
-2603
-2582
-2946
-2919
-3119
-2782
-3093
-2545
-2748
-2728
-2974
-2923
-2580
-3179
-2670
-2625
-3072
-2985
-2995
-3120
-2554
-2802
-2558
-2991
-2737
-3103
-2768
-2942
-2633
-3159
-2990
-2594
-2929
-2757
-2850
-2776
-2990
-2728
-2747
-3060
-2973
-3142
-2865
-2790
-2923
-2720
-3012
-2843
-2628
-2852
-3026
-2946
-3098
-2717
-2594
-3142
-2882
-2607
-2770
-3230
-2752
-2868
-3130
-2791
-2962
-3030
-2762
-3081
-2665
-2761
-3074
-3218
-2977
-3040
-2733
-3215
-2868
-2633
-2963
-2644
-2877
-3158
-2709
-2991
-2990
-3035
-2923
-2684
-2928
-2949
-2925
-3042
-2756
-3229
-3019
-3095
-2745
-3145
-2879
-3183
-2747
-2678
-2977
-2872
-2889
-3168
-3018
-2841
-3158
-2980
-2789
-2682
-2924
-2913
-3129
-3161
-2775
-2926
-3033
-3259
-3135
-3235
-3079
-3208
-3263
-2962
-3053
-2878
-3024
-2694
-2852
-2672
-2999
-2844
-3011
-3257
-3128
-2979
-3034
-3299
-3047
-2979
-3181
-3266
-3265
-3264
-2891
-3019
-2903
-3321
-3030
-3038
-2979
-3172
-2713
-3163
-2935
-3242
-3017
-3220
-3116
-2809
-2815
-3074
-2696
-2866
-3115
-2760
-2705
-3043
-3012
-3207
-2763
-3124
-3077
-2709
-2788
-3207
-2843
-3210
-2934
-3194
-3167
-2825
-2746
-3021
-3140
-2935
-3216
-2957
-2848
-3311
-3118
-2798
-2896
-3282
-3309
-3340
-3349
-2976
-3284
-3223
-2772
-3075
-2919
-2818
-3319
-3142
-3142
-3194
-3237
-2779
-3085
-3357
-2891
-3088
-2943
-3231
-3228
-2782
-2785
-2889
-3221
-3269
-2774
-3240
-3232
-2782
-2935
-2834
-2786
-3300
-2866
-3328
-2967
-3198
-2777
-2946
-3129
-2872
-3179
-2881
-3084
-3263
-3269
-2820
-3242
-2811
-2840
-3271
-3271
-3282
-3153
-2872
-3219
-2965
-3145
-3126
-3358
-3085
-3412
-2847
-2840
-3080
-3411
-2963
-3197
-2932
-3085
-3126
-3284
-2812
-3289
-3390
-3205
-3261
-3197
-3363
-3017
-3020
-3110
-2919
-2980
-3013
-3176
-3083
-3160
-3262
-3232
-3025
-3034
-2992
-3352
-2934
-3071
-3257
-3129
-2968
-3342
-3252
-3011
-3063
-3134
-3123
-3146
-3302
-3221
-3255
-2872
-2986
-3348
-2953
-2878
-3373
-3053
-3226
-3473
-3051
-3297
-3288
-3299
-3399
-2899
-3009
-3170
-2857
-2892
-2892
-3308
-3456
-3166
-2965
-3138
-2976
-2919
-2870
-3443
-3060
-3263
-3313
-3302
-3305
-3078
-2874
-2987
-3422
-3221
-3404
-3469
-3459
-3209
-3189
-3507
-3468
-3302
-3044
-3360
-3199
-3401
-3269
-3099
-3103
-3305
-3321
-3430
-3464
-3101
-3325
-3406
-3121
-3464
-2940
-2991
-2909
-3398
-3513
-3493
-3548
-2996
-2951
-2943
-2974
-2951
-2920
-3532
-3481
-3092
-3152
-3179
-3010
-3539
-3206
-2997
-3414
-3478
-3551
-3223
-3124
-3424
-3269
-3478
-3310
-3202
-3006
-3393
-3206
-3110
-3525
-3551
-3374
-3332
-3410
-3411
-3188
-3581
-3474
-3356
-3186
-3527
-3054
-3116
-3568
-3170
-3293
-3451
-3075
-3284
-3234
-3596
-3274
-3511
-3229
-3353
-3055
-3229
-3335
-3014
-3274
-3039
-3201
-3364
-3423
-3176
-3479
-3339
-3503
-3163
-3148
-3495
-3358
-3411
-3228
-2983
-3392
-3389
-3093
-3480
-3016
-3588
-3433
-3259
-3059
-3222
-3446
-3413
-3420
-3344
-3045
-3038
-3632
-3367
-3205
-3307
-3121
-3556
-3492
-3200
-3315
-3544
-3146
-3298
-3254
-3311
-3427
-3136
-3187
-3485
-3606
-3082
-3061
-3614
-3254
-3105
-3557
-3272
-3619
-3426
-3318
-3672
-3162
-3051
-3369
-3167
-3335
-3629
-3077
-3495
-3489
-3404
-3555
-3645
-3046
-3282
-3387
-3683
-3404
-3360
-3327
-3673
-3353
-3655
-3436
-3250
-3288
-3613
-3525
-3325
-3399
-3098
-3482
-3158
-3179
-3104
-3451
-3676
-3658
-3256
-3437
-3294
-3235
-3306
-3483
-3132
-3499
-3694
-3649
-3353
-3607
-3256
-3331
-3237
-3575
-3281
-3164
-3459
-3319
-3103
-3399
-3137
-3312
-3532
-3171
-3395
-3284
-3562
-3490
-3288
-3619
-3210
-3144
-3567
-3723
-3134
-3322
-3493
-3108
-3492
-3137
-3416
-3524
-3139
-3117
-3446
-3415
-3545
-3417
-3722
-3654
-3219
-3540
-3673
-3127
-3467
-3698
-3514
-3741
-3369
-3648
-3555
-3619
-3771
-3644
-3229
-3340
-3664
-3719
-3469
-3715
-3343
-3522
-3614
-3744
-3157
-3178
-3754
-3519
-3753
-3442
-3473
-3192
-3526
-3488
-3226
-3248
-3188
-3160
-3714
-3482
-3596
-3489
-3472
-3182
-3341
-3179
-3250
-3372
-3652
-3276
-3265
-3672
-3634
-3551
-3193
-3531
-3181
-3381
-3520
-3384
-3574
-3668
-3693
-3474
-3823
-3603
-3755
-3657
-3825
-3249
-3641
-3265
-3595
-3765
-3562
-3603
-3222
-3802
-3703
-3692
-3820
-3614
-3835
-3544
-3583
-3342
-3403
-3437
-3599
-3383
-3497
-3309
-3455
-3307
-3762
-3557
-3394
-3600
-3489
-3437
-3326
-3494
-3471
-3717
-3228
-3238
-3267
-3397
-3814
-3451
-3328
-3559
-3792
-3556
-3595
-3605
-3658
-3635
-3722
-3561
-3576
-3484
-3819
-3623
-3629
-3510
-3539
-3560
-3568
-3451
-3289
-3572
-3318
-3831
-3806
-3706
-3683
-3582
-3633
-3850
-3299
-3448
-3727
-3872
-3523
-3585
-3418
-3477
-3872
-3487
-3884
-3609
-3435
-3736
-3733
-3407
-3653
-3305
-3602
-3382
-3629
-3399
-3618
-3892
-3817
-3793
-3296
-3770
-3510
-3703
-3605
-3904
-3320
-3919
-3900
-3582
-3629
-3789
-3405
-3527
-3775
-3884
-3754
-3531
-3612
-3920
-3539
-3517
-3744
-3536
-3752
-3908
-3708
-3547
-3485
-3392
-3834
-3639
-3734
-3452
-3955
-3502
-3584
-3542
-3451
-3492
-3627
-3934
-3549
-3903
-3366
-3760
-3585
-3438
-3871
-3532
-3794
-3618
-3373
-3531
-3518
-3825
-3698
-3400
-3862
-3515
-3639
-3944
-3604
-3901
-3946
-3884
-3668
-3612
-3433
-3753
-3792
-3580
-3671
-3618
-3637
-3819
-3574
-3906
-3473
-3766
-3509
-3501
-3691
-3465
-3933
-3726
-3919
-3603
-3910
-3493
-3600
-3887
-3838
-3950
-3827
-3719
-3785
-3705
-3631
-3579
-3604
-3661
-3552
-3705
-3462
-3391
-3531
-3588
-3640
-3461
-3645
-3970
-3897
-3842
-3572
-3892
-3539
-4034
-3418
-3530
-3858
-3779
-3419
-3748
-3727
-3829
-3678
-3536
-3593
-4004
-3902
-3887
-3770
-3635
-3491
-3837
-3819
-3909
-3780
-3798
-4053
-4038
-4039
-3476
-3551
-3735
-3505
-3881
-3725
-3704
-3717
-3508
-3590
-3906
-3651
-4010
-3494
-3449
-3895
-3742
-3999
-3657
-3621
-3511
-3960
-3616
-4069
-3764
-3606
-3783
-3611
-3672
-4051
-3771
-4080
-4102
-3918
-3744
-3700
-3638
-3958
-3476
-3995
-3828
-3862
-3782
-3600
-3515
-3869
-3918
-3627
-3483
-4081
-4015
-3546
-3707
-3535
-3855
-4005
-3680
-3940
-3850
-3816
-3659
-3747
-3759
-4091
-3854
-3753
-3529
-3946
-3645
-3888
-3798
-3947
-3784
-3877
-3556
-3929
-3848
-3829
-3623
-3580
-3981
-3957
-3840
-3520
-3697
-3598
-3619
-4112
-3593
-3998
-3525
-3617
-3854
-4163
-3526
-3763
-3681
-3705
-3666
-3694
-3631
-4159
-3551
-3802
-4165
-3998
-3725
-3753
-3602
-4061
-3569
-3905
-3826
-3547
-3597
-3555
-3873
-3990
-4137
-3589
-3676
-4154
-4082
-3657
-4101
-3677
-3672
-3595
-3657
-3886
-3830
-3667
-3692
-3827
-3811
-3933
-3873
-4052
-3736
-4010
-3759
-4076
-4109
-4148
-3776
-3789
-4212
-3741
-3888
-3582
-4163
-3940
-3770
-3851
-4085
-3951
-4166
-4034
-3592
-3985
-3977
-3669
-4147
-4060
-3600
-3923
-4226
-3976
-3914
-3652
-3705
-4047
-3765
-3864
-3970
-3874
-4038
-3766
-4129
-3783
-4208
-4242
-3629
-3796
-3675
-4168
-3846
-4149
-3777
-3764
-3800
-3685
-4103
-3848
-3632
-3801
-3851
-3823
-3754
-4182
-3975
-4050
-3744
-3848
-4198
-4076
-3781
-3890
-4037
-4037
-3690
-3661
-3733
-3895
-4078
-4072
-3701
-4167
-4252
-3833
-3696
-4159
-3834
-4152
-3941
-4092
-4174
-4071
-4016
-3960
-3854
-4201
-3672
-4056
-3743
-4288
-4234
-3762
-3841
-4052
-3756
-3800
-4183
-4209
-3712
-3741
-4138
-3746
-4183
-3879
-3819
-4112
-4164
-3792
-3900
-4275
-4263
-4164
-4314
-3776
-3934
-3923
-3842
-4267
-3860
-4286
-4078
-3708
-4091
-3878
-3791
-3725
-3939
-3848
-3838
-3967
-4087
-3859
-3945
-3840
-4061
-3776
-3752
-3844
-4021
-3846
-4094
-3839
-4050
-3782
-4126
-4148
-4109
-4253
-4259
-4282
-4077
-4346
-4142
-4228
-3998
-4049
-3912
-4084
-4214
-4313
-4074
-4198
-4053
-4119
-4222
-3923
-4320
-3884
-3910
-3779
-4303
-4029
-4350
-3885
-4128
-3952
-4157
-4186
-3920
-4346
-4112
-4217
-3799
-4026
-3999
-4036
-4291
-3964
-3936
-4077
-3788
-4398
-3808
-4136
-3784
-4269
-3784
-3998
-4315
-3947
-4037
-4255
-3847
-3855
-3894
-3958
-3927
-4105
-4156
-3901
-3995
-4016
-3883
-4027
-3843
-4254
-4023
-3894
-3965
-3903
-4178
-3892
-4188
-3933
-3861
-4102
-3901
-3825
-4360
-3936
-3953
-4072
-4389
-4225
-4102
-4213
-4302
-3839
-4431
-4338
-4355
-4062
-4335
-3916
-4043
-4462
-4336
-4206
-4140
-4296
-4295
-3975
-3949
-4153
-3908
-3951
-4232
-3844
-4116
-3905
-4076
-4052
-3862
-4145
-4300
-4239
-4286
-3930
-4036
-3912
-3895
-3948
-3863
-4472
-3936
-4284
-3997
-3998
-4024
-4072
-3967
-4010
-3918
-3874
-4355
-4437
-4055
-4260
-4229
-4010
-4320
-4249
-4067
-4266
-4015
-4066
-4103
-4261
-4186
-4401
-4075
-3955
-3917
-4172
-4022
-4442
-4184
-4471
-4475
-4445
-4447
-4183
-4352
-4220
-3961
-4158
-4477
-4461
-4425
-3972
-4087
-3967
-4448
-4263
-3981
-4093
-4530
-4453
-4498
-4351
-4239
-4066
-4452
-3925
-4367
-4190
-4111
-3976
-4106
-3938
-4029
-4475
-4353
-4285
-3964
-4356
-4475
-4184
-4350
-4467
-4347
-4488
-4284
-3928
-4065
-3979
-4500
-4224
-3943
-4433
-4384
-4341
-4516
-4178
-4149
-4159
-4029
-4318
-4018
-4452
-4407
-4026
-4246
-4501
-4163
-4107
-4405
-4177
-4473
-4430
-3955
-4489
-3966
-4065
-4101
-4014
-4092
-4337
-4466
-4210
-4324
-4309
-4261
-4109
-4072
-4360
-4294
-4337
-4291
-4212
-4595
-4204
-4619
-4415
-4458
-4447
-4200
-3983
-4544
-4245
-4507
-4222
-4208
-4480
-4400
-4047
-4427
-4111
-4485
-4578
-4595
-4026
-4361
-4535
-4580
-4598
-4049
-4522
-4047
-4326
-4231
-4460
-4326
-4494
-4387
-4052
-4020
-4385
-4263
-4646
-4314
-4469
-4511
-4379
-4289
-4223
-4140
-4186
-4060
-4663
-4148
-4114
-4430
-4029
-4408
-4163
-4145
-4654
-4508
-4042
-4677
-4094
-4470
-4078
-4582
-4085
-4540
-4112
-4177
-4352
-4585
-4643
-4098
-4262
-4667
-4440
-4151
-4656
-4481
-4144
-4186
-4527
-4547
-4277
-4676
-4242
-4563
-4670
-4541
-4687
-4576
-4673
-4100
-4560
-4643
-4560
-4561
-4405
-4129
-4200
-4234
-4579
-4570
-4239
-4715
-4153
-4592
-4202
-4248
-4333
-4478
-4099
-4362
-4158
-4261
-4271
-4474
-4410
-4485
-4630
-4164
-4673
-4349
-4173
-4482
-4447
-4335
-4623
-4191
-4611
-4333
-4744
-4509
-4538
-4300
-4246
-4371
-4292
-4134
-4456
-4666
-4580
-4243
-4720
-4428
-4758
-4324
-4384
-4601
-4759
-4166
-4149
-4405
-4426
-4244
-4591
-4294
-4137
-4213
-4384
-4678
-4295
-4198
-4487
-4609
-4302
-4349
-4265
-4308
-4182
-4253
-4604
-4562
-4566
-4729
-4279
-4559
-4264
-4757
-4155
-4271
-4721
-4267
-4366
-4387
-4668
-4287
-4647
-4799
-4751
-4799
-4221
-4414
-4618
-4181
-4171
-4372
-4440
-4676
-4392
-4673
-4535
-4403
-4226
-4577
-4746
-4624
-4446
-4362
-4531
-4306
-4475
-4718
-4499
-4725
-4289
-4516
-4755
-4669
-4235
-4795
-4227
-4593
-4454
-4206
-4536
-4834
-4741
-4432
-4285
-4734
-4842
-4267
-4330
-4701
-4728
-4567
-4566
-4287
-4685
-4271
-4456
-4600
-4830
-4558
-4570
-4784
-4606
-4499
-4644
-4269
-4367
-4329
-4680
-4326
-4239
-4455
-4252
-4416
-4615
-4460
-4645
-4844
-4371
-4283
-4823
-4473
-4314
-4365
-4294
-4807
-4853
-4831
-4781
-4670
-4533
-4501
-4820
-4762
-4521
-4617
-4768
-4726
-4521
-4485
-4291
-4319
-4694
-4518
-4475
-4742
-4365
-4560
-4723
-4709
-4438
-4801
-4681
-4445
-4748
-4386
-4459
-4468
-4785
-4700
-4554
-4853
-4673
-4414
-4578
-4301
-4402
-4477
-4339
-4432
-4389
-4542
-4550
-4915
-4526
-4549
-4823
-4447
-4548
-4487
-4585
-4470
-4737
-4510
-4906
-4567
-4531
-4743
-4749
-4784
-4841
-4506
-4800
-4621
-4516
-4682
-4541
-4820
-4834
-4781
-4764
-4841
-4647
-4445
-4863
-4403
-4583
-4661
-4905
-4599
-4772
-4927
-4749
-4893
-4629
-4427
-4646
-4747
-4374
-4624
-4433
-4702
-4613
-4545
-4485
-4614
-4349
-4645
-4454
-4677
-4559
-4902
-4721
-4764
-4767
-4759
-4657
-4862
-4419
-4962
-4832
-4382
-4646
-4753
-4757
-4781
-4440
-4463
-4626
-4528
-4907
-4726
-4424
-4395
-4669
-4400
-4934
-4643
-4989
-4397
-4653
-4656
-4613
-4966
-4747
-4916
-4960
-4484
-4913
-4680
-4485
-4570
-4502
-4427
-4839
-4805
-4816
-4641
-4710
-4414
-4596
-4531
-4540
-4842
-4408
-4627
-4621
-4670
-4819
-4607
-4479
-4586
-4431
-4670
-4493
-4938
-4505
-4485
-4653
-5032
-4483
-4489
-4485
-4526
-4882
-4855
-4835
-5000
-4575
-4538
-4625
-5053
-4852
-4641
-5019
-4666
-5005
-4712
-4613
-4671
-4677
-4739
-4515
-4453
-4871
-4468
-4585
-5037
-4788
-4818
-4532
-5052
-4622
-4697
-4456
-4509
-4466
-4886
-4602
-4487
-4642
-4729
-4728
-4637
-5094
-4658
-4783
-5092
-5054
-5091
-5080
-4654
-5100
-4860
-4726
-4702
-4477
-4998
-4986
-4624
-5014
-4639
-4769
-4981
-5069
-4702
-4539
-4768
-4652
-4759
-4795
-4945
-4658
-5053
-4749
-4975
-5117
-4776
-4892
-4593
-4736
-4622
-5049
-4688
-4553
-4858
-5098
-4517
-4989
-4600
-4553
-4965
-4531
-4693
-5008
-4942
-4681
-4597
-5152
-5160
-5007
-4675
-4663
-5116
-5031
-4924
-5055
-4972
-4728
-5012
-5014
-5036
-4532
-5088
-5057
-4822
-4961
-4945
-5161
-4704
-4663
-5032
-4665
-4963
-4598
-4746
-4576
-4644
-5099
-4665
-4887
-4842
-4804
-5004
-4937
-4820
-4568
-4999
-4815
-4896
-4754
-4746
-4771
-4742
-4876
-4841
-4630
-4852
-4930
-4627
-4573
-5154
-4639
-4947
-4703
-4584
-5167
-5167
-4993
-4932
-4715
-4636
-4606
-4951
-5091
-4900
-4862
-4907
-4810
-4976
-5152
-5065
-4646
-5018
-4720
-5189
-4896
-4778
-5139
-5109
-4678
-5062
-4617
-5018
-4991
-4912
-4769
-4882
-4943
-4629
-4640
-4847
-4795
-4932
-5089
-4664
-4934
-5158
-4946
-4972
-5228
-5233
-5194
-4905
-4866
-5079
-4714
-4859
-4967
-4661
-5193
-5147
-4836
-5246
-4791
-4741
-4637
-4841
-4889
-4959
-5234
-5048
-4989
-5240
-4979
-5212
-5102
-4911
-4945
-4785
-4800
-5135
-5018
-4936
-5125
-4780
-5253
-5185
-5157
-4678
-5246
-5159
-5150
-5280
-5148
-4860
-4868
-5092
-5158
-4698
-4916
-4844
-4810
-4969
-5129
-5260
-5264
-5214
-4707
-4980
-5062
-4859
-4834
-5002
-4832
-4961
-5250
-5068
-5319
-5287
-5245
-5161
-5035
-4810
-5074
-5296
-4896
-4883
-5061
-4992
-5332
-5145
-4788
-4752
-5290
-5182
-4935
-4772
-4972
-4905
-5028
-5167
-5332
-5106
-4869
-5013
-5001
-5041
-5178
-5206
-5146
-5134
-4931
-4977
-5069
-5318
-4725
-5095
-5145
-4999
-5117
-4880
-5133
-5138
-5373
-5328
-4836
-5090
-4817
-5101
-4917
-4978
-5112
-4841
-5074
-5163
-4998
-5110
-5357
-4975
-5071
-4837
-4979
-5269
-4969
-5267
-4880
-4884
-5014
-5343
-5272
-5097
-5389
-5093
-5192
-4965
-5365
-4943
-4845
-4992
-5135
-5320
-4918
-5183
-5143
-4979
-5368
-5186
-5198
-5148
-5259
-5283
-5136
-5409
-4990
-5004
-5179
-5387
-4928
-4920
-4827
-5393
-5212
-5142
-4887
-5357
-5289
-5156
-5383
-4877
-4863
-4936
-5266
-5046
-5069
-5324
-5295
-5307
-5440
-5331
-5080
-5120
-5119
-4831
-4900
-5051
-4894
-5446
-4906
-5107
-5413
-5100
-4902
-5269
-5411
-5411
-5073
-4988
-5277
-5297
-5100
-5406
-4860
-5267
-5059
-4928
-5128
-5317
-5117
-5322
-5417
-5151
-5081
-5231
-4843
-5148
-5031
-4953
-4848
-5013
-5385
-5358
-5009
-4952
-5072
-4951
-5492
-5133
-5304
-5194
-4933
-4915
-5242
-5171
-4923
-5486
-5425
-5476
-5278
-5212
-5190
-5306
-5109
-4999
-5485
-4941
-5489
-5337
-5200
-5101
-5245
-5397
-5348
-5045
-4961
-5123
-5463
-5519
-5517
-5031
-5305
-5523
-5389
-5396
-4916
-5280
-5318
-4910
-4955
-5056
-5296
-5463
-5425
-5540
-5083
-5126
-5150
-5037
-5127
-5319
-5118
-5199
-5017
-5038
-5345
-5195
-5009
-4925
-5415
-4980
-4958
-4939
-5347
-5079
-5525
-5483
-5104
-5325
-5120
-5319
-5027
-5506
-4957
-5176
-5504
-5061
-5058
-5052
-5391
-5377
-5121
-5088
-5203
-5257
-5164
-5266
-5306
-4993
-5292
-5286
-5283
-5350
-5197
-5559
-5311
-5309
-5288
-5225
-5135
-5145
-4983
-5168
-5528
-5474
-5040
-5535
-5356
-5370
-5545
-5610
-5530
-5506
-5425
-5231
-5085
-5014
-5349
-5176
-5472
-5334
-5297
-5413
-5405
-5489
-5486
-5204
-5621
-5599
-5006
-5492
-5009
-5437
-5282
-5388
-5568
-5363
-5484
-5545
-5423
-5497
-5132
-5305
-5397
-5205
-5058
-5604
-5140
-5510
-5173
-5041
-5488
-5274
-5147
-5316
-5476
-5459
-5139
-5082
-5212
-5255
-5343
-5323
-5296
-5105
-5510
-5280
-5360
-5592
-5313
-5286
-5642
-5064
-5443
-5096
-5467
-5499
-5091
-5243
-5551
-5583
-5637
-5582
-5348
-5042
-5302
-5096
-5270
-5099
-5184
-5311
-5367
-5633
-5165
-5058
-5502
-5116
-5654
-5215
-5485
-5457
-5342
-5099
-5080
-5153
-5522
-5375
-5602
-5171
-5287
-5212
-5568
-5117
-5248
-5299
-5599
-5254
-5257
-5206
-5385
-5248
-5423
-5632
-5153
-5161
-5326
-5214
-5610
-5526
-5465
-5444
-5178
-5439
-5462
-5337
-5345
-5717
-5364
-5256
-5430
-5229
-5665
-5119
-5311
-5537
-5703
-5174
-5650
-5585
-5281
-5667
-5295
-5742
-5116
-5470
-5651
-5563
-5756
-5162
-5713
-5144
-5701
-5729
-5514
-5727
-5200
-5658
-5504
-5728
-5140
-5130
-5520
-5556
-5678
-5349
-5658
-5629
-5385
-5656
-5311
-5223
-5534
-5725
-5481
-5415
-5184
-5780
-5708
-5649
-5200
-5196
-5425
-5633
-5340
-5251
-5172
-5445
-5775
-5640
-5635
-5168
-5440
-5525
-5575
-5255
-5599
-5312
-5638
-5690
-5252
-5457
-5458
-5546
-5330
-5585
-5570
-5246
-5629
-5592
-5811
-5595
-5524
-5654
-5742
-5436
-5782
-5825
-5811
-5366
-5525
-5644
-5520
-5744
-5371
-5253
-5777
-5779
-5268
-5518
-5435
-5252
-5825
-5208
-5360
-5578
-5680
-5374
-5451
-5702
-5219
-5221
-5685
-5443
-5408
-5849
-5289
-5446
-5330
-5670
-5440
-5733
-5732
-5858
-5605
-5468
-5552
-5295
-5833
-5319
-5836
-5650
-5443
-5310
-5609
-5468
-5620
-5273
-5553
-5439
-5597
-5428
-5409
-5603
-5554
-5545
-5308
-5538
-5734
-5309
-5473
-5549
-5582
-5587
-5337
-5726
-5447
-5776
-5817
-5322
-5456
-5822
-5787
-5776
-5568
-5783
-5285
-5865
-5597
-5370
-5736
-5454
-5743
-5660
-5272
-5672
-5420
-5757
-5838
-5782
-5658
-5693
-5570
-5639
-5610
-5885
-5866
-5389
-5803
-5804
-5422
-5388
-5445
-5577
-5305
-5799
-5816
-5780
-5621
-5716
-5909
-5795
-5907
-5583
-5580
-5530
-5819
-5619
-5340
-5575
-5923
-5562
-5407
-5557
-5357
-5931
-5497
-5315
-5578
-5817
-5868
-5727
-5865
-5361
-5545
-5685
-5959
-5794
-5373
-5838
-5968
-5558
-5616
-5669
-5580
-5682
-5877
-5342
-5916
-5755
-5817
-5963
-5613
-5799
-5622
-5761
-5617
-5920
-5911
-5429
-5509
-5821
-5665
-5882
-5513
-5421
-5472
-5471
-5833
-5919
-5616
-5538
-5790
-5789
-5721
-5630
-5679
-5560
-5807
-5394
-5436
-5729
-5594
-5774
-5484
-5532
-5880
-5639
-5490
-5616
-5425
-6011
-5879
-5882
-5955
-5606
-5696
-5736
-5728
-5665
-5739
-5939
-5395
-5993
-5805
-5671
-5572
-5747
-5523
-5591
-5716
-5592
-5902
-5542
-5633
-5590
-5775
-5445
-5582
-5678
-6030
-5684
-5871
-5651
-5435
-5874
-5824
-5940
-5830
-5949
-5857
-5440
-5959
-5591
-5883
-6033
-6008
-5744
-5612
-5539
-5848
-5917
-5616
-5735
-5664
-5513
-5799
-5962
-5917
-6033
-5956
-5598
-5708
-6024
-5651
-5786
-5575
-5842
-6046
-5616
-5537
-5715
-5955
-5546
-5673
-5825
-6000
-5643
-5637
-5757
-5875
-5729
-5937
-5660
-5771
-6062
-6094
-5539
-5964
-5721
-6058
-6073
-5795
-5607
-6057
-5790
-6078
-6095
-5959
-5739
-5950
-5906
-5650
-6038
-5903
-5674
-5825
-5712
-5952
-5648
-5495
-5903
-5509
-6040
-5885
-5945
-5495
-5578
-5730
-6108
-6072
-5659
-5737
-5823
-5779
-5636
-5811
-6100
-5706
-5909
-5669
-5862
-5878
-5734
-5810
-5568
-5867
-5925
-5890
-6084
-5558
-6110
-5866
-5578
-6105
-5867
-6145
-5559
-6165
-5712
-5732
-5889
-5858
-6068
-6092
-5811
-5949
-5625
-5726
-5956
-5949
-5641
-5881
-5569
-5843
-5698
-6034
-5888
-5919
-5914
-5810
-6095
-6162
-6055
-5593
-6056
-6038
-5841
-5880
-6046
-5624
-5563
-5604
-5790
-5845
-5682
-5753
-5878
-5786
-5573
-5830
-6181
-5597
-5635
-6197
-5594
-6138
-6020
-6066
-6001
-6014
-6082
-5822
-6171
-6083
-6074
-5674
-5869
-5746
-5978
-5729
-5922
-6012
-6184
-6039
-6119
-5675
-5787
-5842
-5815
-5689
-6225
-5678
-5645
-5996
-6072
-6160
-6037
-6069
-5731
-5812
-5816
-5826
-5684
-5695
-5693
-6110
-5943
-6168
-6179
-6221
-5799
-6040
-6255
-5733
-5638
-6021
-5644
-6259
-5729
-6128
-5726
-5900
-6061
-5664
-6067
-6104
-5653
-5701
-6273
-5955
-6239
-5848
-5813
-6120
-6174
-5937
-5900
-5919
-5814
-6142
-5964
-5716
-5800
-5831
-6265
-6208
-6240
-5869
-5737
-5891
-6024
-5720
-5746
-5824
-5949
-6242
-6154
-6243
-6245
-6308
-5693
-5790
-5874
-6046
-5674
-6017
-6149
-6276
-5958
-5873
-6210
-6171
-6223
-5831
-6080
-5869
-6133
-5943
-6311
-6239
-5821
-5897
-6176
-6319
-6250
-5847
-5853
-5915
-5736
-6274
-5741
-5983
-5939
-6010
-6070
-6100
-6073
-6076
-6043
-5760
-5910
-5853
-5870
-6056
-6233
-6235
-6028
-6006
-5936
-6177
-6059
-6213
-6310
-5789
-5981
-6115
-5992
-5993
-6161
-5769
-5890
-6183
-6154
-5791
-6214
-5874
-6160
-6016
-6338
-6084
-6261
-5771
-6066
-6175
-6286
-6126
-6316
-5914
-6041
-6041
-6163
-6048
-6125
-6282
-6302
-5806
-5892
-6009
-6150
-5931
-6066
-6035
-6363
-5966
-6115
-6315
-6192
-6377
-5880
-6311
-5966
-6156
-6246
-5979
-5905
-6322
-6261
-6317
-6338
-5870
-6150
-6334
-6262
-6238
-5897
-5911
-6087
-6279
-5790
-6318
-5917
-6287
-6307
-6206
-5986
-6103
-6282
-6199
-6155
-5986
-5868
-6221
-6363
-6035
-5812
-6142
-6044
-6325
-6018
-6152
-6093
-6138
-6344
-6440
-6013
-5986
-6150
-6075
-6012
-5911
-6039
-6275
-6344
-6452
-6433
-6388
-6235
-6086
-6084
-6148
-6279
-6102
-5967
-5948
-6329
-5974
-6113
-5890
-6179
-6095
-6296
-5871
-6275
-6086
-6072
-6079
-6030
-6146
-6273
-6331
-5961
-5980
-6024
-6274
-5950
-6479
-6066
-6123
-6029
-6047
-6214
-6201
-6124
-6233
-6002
-6105
-6432
-6189
-6350
-6477
-6359
-6010
-6173
-6335
-6272
-6375
-6121
-6466
-6401
-6366
-6245
-5917
-6316
-6027
-6195
-6290
-6317
-6245
-6131
-5930
-6376
-5997
-6239
-6521
-6444
-6093
-5905
-6165
-5944
-6426
-6115
-5927
-6062
-6378
-6500
-6334
-6204
-6345
-6217
-5994
-6400
-6467
-5938
-6110
-5946
-5924
-6309
-6154
-6084
-6523
-6439
-6187
-6395
-6411
-6403
-6006
-6029
-6279
-6076
-6168
-6099
-6423
-6040
-6141
-6042
-6091
-6171
-6023
-6543
-6475
-5989
-6202
-6046
-5982
-6232
-6097
-6190
-5965
-6209
-6209
-6403
-6045
-6435
-6276
-5970
-6536
-5960
-5961
-6277
-6041
-6278
-6029
-6435
-6466
-6271
-6109
-6367
-6324
-6289
-6360
-6361
-6571
-6602
-6199
-6382
-6209
-6066
-6024
-6465
-6457
-6432
-6196
-6594
-6052
-6298
-6001
-6180
-6420
-6315
-6201
-6536
-6410
-6289
-6366
-6176
-6272
-6351
-6252
-6067
-6127
-6534
-6634
-6204
-6287
-6616
-6227
-6554
-6126
-6614
-6111
-6281
-6294
-6430
-6264
-6407
-6308
-6279
-6449
-6532
-6306
-6503
-6426
-6544
-6085
-6578
-6567
-6361
-6149
-6415
-6430
-6405
-6084
-6228
-6411
-6652
-6178
-6127
-6075
-6125
-6244
-6105
-6614
-6309
-6326
-6630
-6148
-6077
-6595
-6305
-6352
-6051
-6297
-6631
-6402
-6360
-6475
-6341
-6195
-6172
-6562
-6236
-6455
-6446
-6207
-6144
-6595
-6400
-6150
-6519
-6215
-6521
-6336
-6127
-6401
-6342
-6272
-6176
-6102
-6566
-6357
-6323
-6091
-6506
-6373
-6354
-6288
-6420
-6686
-6154
-6369
-6602
-6187
-6703
-6230
-6605
-6513
-6510
-6601
-6099
-6242
-6194
-6380
-6317
-6445
-6722
-6708
-6488
-6162
-6284
-6675
-6413
-6242
-6705
-6564
-6200
-6472
-6376
-6737
-6208
-6442
-6205
-6272
-6742
-6297
-6603
-6540
-6704
-6248
-6682
-6469
-6397
-6375
-6538
-6493
-6577
-6517
-6645
-6290
-6366
-6241
-6464
-6741
-6736
-6688
-6414
-6520
-6516
-6754
-6252
-6329
-6442
-6702
-6341
-6538
-6309
-6360
-6526
-6520
-6309
-6272
-6359
-6680
-6730
-6409
-6391
-6534
-6502
-6276
-6273
-6250
-6690
-6763
-6264
-6758
-6586
-6521
-6783
-6616
-6565
-6747
-6448
-6627
-6367
-6183
-6668
-6661
-6659
-6298
-6616
-6596
-6592
-6800
-6523
-6710
-6594
-6815
-6567
-6804
-6464
-6756
-6597
-6278
-6519
-6222
-6628
-6252
-6846
-6657
-6661
-6280
-6768
-6635
-6447
-6789
-6548
-6513
-6782
-6354
-6263
-6412
-6347
-6377
-6710
-6421
-6616
-6305
-6631
-6654
-6597
-6855
-6318
-6810
-6646
-6657
-6628
-6303
-6333
-6283
-6552
-6592
-6467
-6373
-6719
-6582
-6379
-6646
-6572
-6306
-6565
-6329
-6275
-6613
-6380
-6489
-6485
-6367
-6749
-6670
-6475
-6267
-6317
-6866
-6876
-6838
-6702
-6666
-6768
-6639
-6763
-6283
-6737
-6375
-6803
-6516
-6622
-6651
-6917
-6827
-6544
-6433
-6825
-6761
-6286
-6575
-6376
-6671
-6642
-6760
-6343
-6637
-6351
-6560
-6645
-6789
-6667
-6410
-6413
-6823
-6721
-6898
-6482
-6676
-6732
-6936
-6722
-6394
-6606
-6480
-6884
-6910
-6508
-6553
-6614
-6480
-6832
-6919
-6865
-6793
-6562
-6822
-6911
-6852
-6772
-6670
-6908
-6831
-6784
-6351
-6427
-6489
-6597
-6820
-6579
-6845
-6345
-6943
-6369
-6690
-6662
-6584
-6382
-6459
-6860
-6802
-6675
-6548
-6566
-6987
-6884
-6545
-6857
-6862
-6398
-6871
-6387
-6428
-6549
-6588
-6939
-6581
-6672
-6946
-6521
-6818
-6469
-6728
-6622
-6843
-7000
-6508
-6499
-6580
-6826
-6775
-6405
-6409
-6777
-6768
-6845
-6697
-6840
-6657
-6693
-6635
-6385
-6819
-6567
-6405
-6663
-6747
-6851
-6532
-6593
-6915
-6865
-6654
-6481
-6442
-7034
-6577
-6702
-6651
-6506
-6697
-6946
-6759
-6922
-6784
-6688
-6429
-6801
-6566
-6466
-6664
-6413
-6911
-6737
-6878
-6953
-6935
-6586
-7032
-6920
-7039
-6460
-6659
-6473
-6673
-6906
-6512
-6546
-7039
-6983
-6492
-6913
-6657
-6916
-6558
-6837
-6692
-6782
-6556
-6636
-6613
-6458
-6612
-6725
-6634
-6861
-6597
-6907
-6837
-6713
-6485
-6963
-6480
-6857
-7006
-6794
-6508
-7060
-6934
-6756
-7076
-6549
-7006
-6788
-6767
-6665
-7029
-6468
-6491
-6943
-6587
-6726
-7076
-6739
-6897
-6976
-6616
-6880
-6963
-6820
-6504
-6944
-6603
-7069
-6539
-6651
-6892
-6758
-6795
-6739
-6947
-6768
-6688
-6995
-6882
-7099
-6591
-6661
-6734
-6966
-6683
-6546
-6653
-6510
-6901
-6900
-7058
-7000
-6817
-6816
-7091
-7075
-7015
-7157
-6748
-6793
-6725
-6595
-6959
-7097
-6753
-6646
-6586
-7160
-6619
-7105
-6583
-6983
-7116
-6655
-7064
-6820
-6679
-6825
-7129
-7076
-7047
-7081
-7179
-6654
-6966
-6863
-7135
-6828
-7070
-6813
-7085
-6918
-7044
-6658
-6557
-7187
-7044
-7083
-6802
-6697
-7026
-6924
-6911
-6899
-7056
-6629
-6811
-6629
-6668
-7010
-7095
-7184
-6741
-6760
-6995
-7097
-6581
-7011
-7037
-6609
-7000
-6860
-7139
-7168
-6682
-7049
-7225
-6613
-7092
-7035
-6965
-7132
-7018
-7219
-7116
-6663
-6635
-6757
-6866
-7046
-6998
-6914
-6713
-6606
-6858
-6861
-7112
-6983
-6784
-7192
-6692
-6832
-7084
-6706
-7002
-7216
-7170
-7170
-7234
-7237
-7087
-6948
-6715
-6722
-7044
-6905
-6870
-6735
-7031
-6700
-6836
-6848
-6979
-7180
-7053
-6748
-7011
-6696
-6692
-7221
-6814
-7130
-6860
-6800
-6660
-7205
-7136
-7156
-7255
-6837
-7120
-7232
-6731
-7000
-6683
-6680
-6665
-6976
-6826
-6703
-6995
-6681
-6878
-6761
-6942
-7273
-7039
-6988
-7122
-7025
-6921
-6850
-6792
-6755
-7047
-6689
-6970
-6853
-7116
-6959
-7201
-6970
-7173
-6768
-6816
-7302
-7114
-7009
-6870
-6964
-6787
-6705
-7078
-7183
-7198
-7093
-6781
-7127
-7255
-7170
-6945
-7251
-6730
-6740
-7162
-6814
-6893
-6868
-7086
-7149
-6910
-7272
-6821
-7351
-6861
-7020
-7031
-7262
-6875
-7348
-7179
-6870
-6889
-7066
-7105
-7298
-6829
-6816
-7084
-6894
-7337
-7306
-7156
-7310
-7070
-7188
-6745
-7144
-7183
-6739
-7057
-7181
-7108
-7279
-7170
-6933
-7072
-7189
-6820
-7316
-7293
-7370
-6972
-7295
-7002
-6812
-7030
-7076
-7062
-6859
-6947
-7127
-6987
-7154
-7215
-6773
-6769
-7174
-7055
-7324
-7363
-7019
-6846
-7142
-6784
-7058
-7373
-6876
-7062
-7278
-7224
-6839
-7371
-6872
-6851
-6976
-7211
-6871
-7229
-6808
-6819
-7397
-6936
-7259
-7396
-7096
-7431
-7375
-7310
-6924
-6817
-7301
-7211
-7021
-7244
-7111
-6912
-6862
-7081
-6903
-7374
-7310
-6824
-6861
-7379
-6910
-7077
-7140
-7017
-7410
-7154
-7261
-7184
-7312
-7107
-6892
-7452
-7157
-6920
-7110
-6992
-6831
-7071
-7404
-7402
-6916
-7340
-7057
-6857
-6960
-6874
-6841
-6946
-7337
-7342
-6920
-7166
-7200
-7220
-7278
-7243
-7108
-7413
-7236
-7117
-6920
-7486
-7417
-7425
-7007
-7273
-7114
-6884
-7431
-7126
-6980
-7279
-6965
-6894
-7456
-7042
-6889
-7506
-6945
-6899
-7499
-7172
-7280
-7337
-7169
-7075
-6997
-7267
-7423
-7022
-7437
-6980
-7242
-7227
-7282
-7020
-7134
-7402
-7360
-7458
-7091
-7079
-6923
-7339
-7392
-7044
-6911
-7036
-7182
-7089
-6971
-7347
-7242
-7528
-7457
-7450
-7285
-7385
-7082
-7431
-7503
-7345
-7316
-7251
-7321
-7426
-7478
-7031
-7503
-6940
-7225
-6976
-7556
-7183
-7062
-6994
-7386
-7224
-7225
-7198
-7352
-7294
-7490
-6948
-7025
-7474
-7399
-7065
-7160
-7072
-7381
-7239
-7466
-7425
-7205
-7400
-6977
-7128
-7420
-7208
-7595
-7465
-7026
-7218
-7586
-7104
-7230
-7480
-7462
-7044
-7302
-7357
-7372
-7166
-7367
-7213
-6996
-7300
-7048
-7555
-7442
-7282
-7500
-7402
-7048
-7247
-7615
-7316
-7211
-7221
-7271
-7371
-7455
-7303
-7491
-7589
-6990
-7594
-7019
-7118
-7265
-7433
-7602
-7108
-7341
-7419
-7641
-7451
-7541
-7508
-7326
-7012
-7139
-7187
-7164
-7585
-7165
-7197
-7054
-7158
-7484
-7553
-7297
-7522
-7573
-7239
-7455
-7439
-7231
-7639
-7409
-7162
-7539
-7547
-7253
-7032
-7171
-7594
-7113
-7463
-7568
-7278
-7597
-7639
-7250
-7489
-7616
-7075
-7211
-7257
-7234
-7441
-7475
-7374
-7677
-7565
-7390
-7527
-7192
-7361
-7404
-7628
-7099
-7467
-7440
-7292
-7187
-7632
-7513
-7344
-7327
-7566
-7388
-7489
-7379
-7282
-7136
-7571
-7706
-7550
-7101
-7422
-7123
-7417
-7460
-7419
-7680
-7287
-7684
-7617
-7666
-7083
-7657
-7490
-7243
-7521
-7138
-7333
-7101
-7473
-7278
-7675
-7726
-7494
-7200
-7357
-7603
-7273
-7120
-7304
-7695
-7358
-7375
-7453
-7120
-7379
-7683
-7184
-7493
-7509
-7372
-7334
-7510
-7731
-7681
-7306
-7700
-7405
-7573
-7348
-7549
-7717
-7375
-7225
-7428
-7765
-7158
-7173
-7768
-7600
-7472
-7371
-7161
-7186
-7587
-7727
-7333
-7183
-7485
-7443
-7736
-7514
-7319
-7161
-7697
-7712
-7705
-7296
-7391
-7413
-7203
-7479
-7485
-7268
-7333
-7286
-7451
-7655
-7198
-7372
-7245
-7498
-7660
-7698
-7661
-7631
-7391
-7650
-7322
-7271
-7341
-7776
-7292
-7451
-7675
-7757
-7402
-7635
-7693
-7651
-7603
-7295
-7292
-7514
-7371
-7521
-7377
-7442
-7369
-7760
-7394
-7278
-7294
-7729
-7620
-7478
-7365
-7263
-7280
-7653
-7817
-7450
-7222
-7612
-7235
-7786
-7494
-7439
-7370
-7335
-7738
-7511
-7230
-7252
-7270
-7284
-7242
-7263
-7778
-7531
-7636
-7713
-7467
-7801
-7620
-7416
-7495
-7705
-7500
-7484
-7343
-7235
-7468
-7629
-7689
-7400
-7877
-7305
-7285
-7411
-7645
-7424
-7605
-7346
-7784
-7528
-7635
-7447
-7790
-7464
-7373
-7253
-7443
-7594
-7797
-7828
-7851
-7730
-7422
-7625
-7324
-7729
-7496
-7505
-7795
-7298
-7752
-7422
-7912
-7687
-7803
-7369
-7375
-7337
-7310
-7867
-7291
-7503
-7853
-7842
-7680
-7913
-7641
-7702
-7857
-7436
-7450
-7380
-7666
-7480
-7302
-7592
-7860
-7782
-7694
-7610
-7502
-7725
-7791
-7738
-7446
-7935
-7364
-7438
-7775
-7554
-7891
-7653
-7853
-7789
-7319
-7767
-7858
-7856
-7582
-7424
-7589
-7466
-7422
-7725
-7750
-7621
-7751
-7761
-7445
-7934
-7383
-7361
-7804
-7645
-7724
-7900
-7575
-7591
-7855
-7463
-7583
-7680
-7490
-7691
-7473
-7538
-7368
-7471
-7777
-7425
-7581
-7613
-7837
-7409
-7432
-7729
-7415
-7925
-7921
-7759
-7772
-7502
-7363
-7712
-7664
-7833
-7870
-7669
-7553
-7866
-7515
-7801
-8013
-7870
-7423
-7882
-7666
-7826
-7393
-7483
-7393
-7577
-7595
-7590
-7927
-7625
-7810
-7536
-7957
-8012
-7811
-7458
-7624
-7823
-7520
-7944
-7880
-7685
-7877
-7714
-7448
-7646
-7957
-7506
-7535
-7802
-7426
-7868
-7604
-7505
-7549
-7535
-7503
-7430
-7535
-7851
-7436
-7781
-7900
-7899
-7492
-8046
-7960
-7750
-7945
-8055
-7990
-7729
-7944
-7952
-7754
-7484
-7483
-7759
-8049
-7895
-7994
-7902
-7614
-7747
-7518
-7670
-7509
-7778
-8036
-7956
-7861
-7689
-7739
-7778
-7805
-7504
-8046
-7609
-7814
-8018
-7647
-7729
-7905
-7619
-7502
-7682
-7476
-7563
-8027
-7872
-7928
-8012
-7731
-7868
-8095
-7969
-7521
-7944
-7845
-7871
-7538
-7832
-8107
-7748
-7901
-7887
-7523
-8053
-7545
-7986
-7726
-7713
-8086
-7546
-7767
-7826
-7839
-7568
-7605
-8111
-7513
-8135
-8076
-7519
-7786
-7973
-7688
-8051
-7988
-8056
-8095
-7785
-7740
-7786
-7922
-7831
-7636
-7997
-7854
-7766
-7690
-7790
-7518
-8127
-7988
-7781
-8124
-8038
-7636
-7880
-7971
-7693
-8038
-7677
-7957
-7904
-8157
-7890
-8001
-7710
-7998
-7949
-7586
-7874
-7631
-7900
-8023
-7976
-7824
-8082
-7597
-8140
-7920
-8048
-7900
-8146
-7596
-7819
-7596
-8124
-7917
-7924
-8119
-7644
-7667
-7851
-7715
-7921
-7804
-7723
-7639
-7714
-8076
-7671
-7645
-7592
-7855
-7969
-8116
-7645
-7680
-7732
-7716
-8112
-7658
-8170
-8193
-7688
-7901
-7711
-8172
-7881
-8211
-8200
-7607
-8027
-7677
-8084
-7835
-8126
-7903
-7860
-8076
-8144
-7855
-7921
-7934
-7625
-7855
-8012
-7956
-8052
-8242
-8000
-8115
-8215
-8178
-7747
-7636
-7957
-7813
-8026
-7735
-7707
-7907
-7990
-8107
-8101
-7775
-7906
-7722
-8184
-8099
-8252
-8052
-8272
-8259
-8143
-8199
-7907
-7973
-7710
-8107
-7746
-7692
-7974
-8177
-7972
-7814
-7677
-8029
-8156
-7734
-8124
-8039
-8168
-8060
-8159
-7825
-8239
-8040
-8104
-8251
-7773
-7664
-8292
-7773
-7945
-7957
-8223
-7797
-8151
-8200
-7998
-7977
-7834
-7909
-8250
-8103
-8214
-7933
-7920
-7740
-7906
-7767
-7813
-7863
-7889
-8108
-8280
-7972
-7734
-8080
-8144
-8099
-8100
-7707
-7953
-8198
-8197
-8130
-7894
-7843
-7835
-7839
-7782
-7709
-8049
-7762
-7966
-7782
-8295
-7999
-8216
-7889
-8057
-7846
-8313
-7742
-7941
-8104
-8249
-8085
-7889
-8035
-8066
-7793
-7977
-8271
-7867
-8275
-7802
-8242
-7839
-7747
-8079
-8009
-7986
-7768
-8227
-7900
-7882
-7736
-7760
-8192
-7867
-7859
-8175
-7850
-8246
-8336
-8293
-8090
-8360
-8091
-8010
-7852
-8242
-8234
-7904
-8089
-8094
-8377
-7999
-8150
-8288
-7857
-8079
-8075
-8321
-7889
-8278
-7961
-8275
-8297
-8395
-8285
-7988
-7839
-8140
-7950
-8375
-7977
-7809
-8371
-8037
-8091
-8424
-8330
-8199
-8371
-7937
-7925
-7896
-7894
-7969
-8044
-8182
-8111
-8329
-8148
-8298
-8177
-8308
-8053
-8000
-7906
-8263
-7995
-8132
-7943
-7992
-8232
-7846
-8196
-8316
-8236
-8182
-8283
-8103
-8279
-7842
-8408
-7856
-8309
-8440
-8338
-8309
-7933
-8385
-7967
-7877
-7901
-8247
-8436
-7891
-8180
-8248
-8403
-8194
-8053
-8447
-8000
-8262
-7900
-8369
-7887
-7951
-8024
-8047
-8405
-8406
-8033
-8380
-8471
-8020
-8307
-8296
-8372
-7955
-8001
-8006
-8199
-8137
-7899
-8460
-8244
-8246
-8134
-8141
-8451
-8343
-8102
-8405
-8074
-7948
-8323
-8246
-7879
-7974
-8254
-7971
-8351
-8263
-8338
-8274
-8399
-8022
-8338
-8390
-7902
-8250
-8176
-8319
-8239
-7916
-8116
-7984
-8154
-8418
-8197
-8418
-8348
-7985
-8184
-8168
-8374
-8427
-8288
-8456
-8513
-8244
-8152
-8211
-8083
-8095
-8493
-8053
-8242
-8476
-8117
-8234
-8091
-8042
-8179
-8501
-8200
-8451
-8003
-8254
-8463
-7930
-8438
-8036
-8403
-7969
-8550
-8037
-8141
-7966
-8256
-7998
-8134
-8451
-8508
-8044
-8356
-8147
-8405
-8283
-8038
-8392
-8483
-8491
-8129
-8317
-8475
-8118
-8179
-8064
-8529
-8271
-8533
-8491
-7989
-8248
-8582
-8156
-8202
-8519
-8079
-8126
-8166
-8595
-8580
-7982
-8314
-8323
-8309
-8343
-8538
-8252
-8393
-8386
-8384
-8517
-8510
-8507
-8359
-8209
-8405
-8207
-8172
-8437
-8435
-8454
-8460
-8034
-8535
-8315
-8304
-8454
-8500
-8010
-8198
-8449
-8527
-8619
-8308
-8389
-8017
-8064
-8051
-8422
-8108
-8234
-8232
-8290
-8438
-8295
-8308
-8645
-8128
-8556
-8566
-8039
-8206
-8229
-8442
-8494
-8267
-8453
-8636
-8292
-8114
-8338
-8372
-8467
-8437
-8395
-8076
-8311
-8479
-8260
-8136
-8345
-8431
-8257
-8273
-8223
-8596
-8517
-8132
-8432
-8099
-8454
-8583
-8284
-8359
-8234
-8382
-8202
-8065
-8628
-8686
-8112
-8142
-8335
-8172
-8202
-8455
-8534
-8317
-8350
-8365
-8297
-8700
-8387
-8472
-8624
-8550
-8447
-8360
-8603
-8557
-8464
-8365
-8213
-8507
-8378
-8501
-8386
-8575
-8562
-8100
-8593
-8594
-8114
-8646
-8402
-8333
-8590
-8230
-8429
-8651
-8542
-8590
-8430
-8685
-8684
-8632
-8182
-8505
-8615
-8110
-8679
-8564
-8345
-8445
-8712
-8585
-8444
-8425
-8323
-8566
-8397
-8711
-8671
-8314
-8387
-8469
-8179
-8345
-8429
-8223
-8753
-8639
-8399
-8186
-8428
-8434
-8516
-8208
-8203
-8490
-8281
-8562
-8714
-8517
-8710
-8290
-8187
-8241
-8716
-8648
-8530
-8213
-8673
-8684
-8553
-8782
-8583
-8699
-8402
-8581
-8386
-8593
-8307
-8534
-8783
-8520
-8444
-8558
-8455
-8723
-8261
-8691
-8473
-8585
-8238
-8182
-8535
-8626
-8589
-8416
-8214
-8434
-8563
-8593
-8588
-8639
-8642
-8258
-8700
-8337
-8540
-8684
-8301
-8726
-8591
-8634
-8288
-8609
-8733
-8436
-8700
-8313
-8227
-8277
-8249
-8532
-8344
-8743
-8568
-8241
-8719
-8474
-8581
-8751
-8689
-8400
-8541
-8360
-8761
-8642
-8251
-8257
-8361
-8455
-8862
-8540
-8751
-8720
-8844
-8616
-8564
-8793
-8622
-8843
-8633
-8707
-8648
-8563
-8358
-8565
-8740
-8458
-8433
-8312
-8280
-8428
-8600
-8406
-8769
-8413
-8265
-8342
-8307
-8559
-8734
-8475
-8615
-8859
-8757
-8307
-8568
-8644
-8378
-8787
-8495
-8589
-8470
-8639
-8759
-8600
-8738
-8479
-8643
-8273
-8867
-8617
-8797
-8486
-8526
-8681
-8472
-8549
-8670
-8728
-8862
-8509
-8438
-8410
-8806
-8374
-8291
-8497
-8765
-8422
-8682
-8719
-8579
-8859
-8764
-8799
-8454
-8690
-8579
-8453
-8435
-8838
-8847
-8539
-8721
-8751
-8779
-8825
-8949
-8536
-8518
-8688
-8726
-8742
-8583
-8328
-8454
-8828
-8489
-8406
-8892
-8490
-8575
-8731
-8673
-8466
-8530
-8730
-8877
-8535
-8620
-8651
-8535
-8546
-8834
-8856
-8873
-8722
-8448
-8940
-8804
-8458
-8944
-8760
-8928
-8509
-8462
-8947
-8908
-8733
-8578
-8685
-8479
-8996
-8775
-8515
-8646
-8646
-8827
-8813
-8823
-8922
-8942
-8575
-8546
-8373
-8712
-8882
-8857
-8638
-8879
-8667
-8881
-8881
-8641
-8911
-8723
-8430
-8737
-8475
-8678
-8887
-8506
-8388
-8994
-9024
-8680
-8981
-8919
-8877
-8708
-8866
-8431
-9018
-8780
-8588
-8816
-8890
-8902
-8491
-9010
-8519
-8628
-8797
-8694
-8640
-8841
-8570
-8952
-8752
-8491
-8929
-8481
-8564
-8515
-8620
-8848
-8607
-8874
-8853
-8610
-8534
-8503
-8926
-8546
-8614
-9054
-9001
-8729
-8710
-9045
-8835
-8990
-8609
-8751
-8768
-8861
-8886
-8922
-8681
-8792
-8559
-9077
-8446
-8709
-8677
-8480
-9019
-8514
-9026
-9002
-8713
-8484
-8573
-8679
-8878
-8831
-8725
-8582
-8721
-9057
-8475
-9021
-8951
-8475
-8862
-8498
-9032
-8842
-8554
-8757
-9103
-8977
-8890
-8581
-8937
-8490
-8802
-8507
-8516
-8542
-8484
-8745
-8497
-8967
-8623
-8791
-8578
-8606
-9032
-8796
-8547
-8708
-8864
-8512
-8576
-9016
-9035
-9140
-8759
-8587
-8689
-8748
-8699
-9134
-8524
-8780
-9085
-8582
-8536
-8879
-8626
-8938
-9011
-9045
-9000
-8956
-8909
-8845
-9021
-9029
-8922
-8583
-9021
-9162
-8802
-8960
-8945
-8646
-8647
-8855
-8715
-8961
-9127
-9168
-8658
-8774
-9006
-8677
-8755
-8819
-8931
-8877
-8599
-9085
-8819
-9182
-8998
-8777
-8794
-8975
-8578
-9006
-8897
-8711
-9102
-8760
-8694
-9043
-9155
-8852
-9155
-9026
-8793
-8949
-8942
-8808
-9178
-9042
-8687
-9025
-9015
-9153
-8581
-8981
-8822
-8779
-8702
-8654
-9027
-8891
-8638
-8992
-8938
-8997
-9194
-9055
-8788
-8869
-9065
-9000
-9202
-8699
-8857
-8797
-9124
-8655
-8785
-8785
-9064
-8707
-8877
-9122
-9172
-9135
-8989
-8945
-8683
-8693
-8890
-9106
-9183
-9047
-8751
-8827
-9170
-9091
-9103
-8822
-8781
-8801
-8699
-8941
-9092
-8984
-8856
-9222
-8995
-8859
-9088
-8994
-9107
-9128
-9236
-9245
-8903
-8906
-9164
-9210
-8706
-9149
-9140
-8777
-8837
-8825
-9286
-8911
-9127
-8762
-8862
-9105
-8850
-9060
-9106
-9142
-8714
-9007
-8873
-9176
-8705
-8950
-9057
-8875
-9273
-8683
-8919
-9087
-9257
-8992
-9245
-8951
-8771
-8700
-8851
-8930
-8904
-8805
-8949
-9021
-9197
-8750
-9020
-9219
-9236
-9177
-8850
-9254
-9323
-8729
-8826
-8742
-8835
-9284
-8744
-9120
-8715
-9301
-8761
-9234
-9275
-9134
-9148
-8747
-9212
-9118
-9165
-9240
-9211
-9040
-9081
-8996
-8735
-9101
-8985
-8874
-9140
-8969
-9035
-9106
-8792
-9153
-9068
-8977
-8966
-9223
-9363
-9302
-9177
-8964
-9368
-9011
-8926
-8904
-8870
-9063
-8935
-8961
-8919
-9147
-9231
-9150
-9279
-9211
-9258
-8890
-9173
-9222
-9321
-9390
-8839
-8861
-9015
-9184
-9186
-8878
-9393
-9380
-9100
-9171
-9124
-9352
-8806
-9020
-9166
-8804
-8853
-9110
-8900
-9350
-8888
-9099
-9262
-9183
-9402
-8784
-8924
-8942
-9304
-9213
-8805
-9374
-9039
-9428
-9281
-8915
-8932
-9004
-9335
-8831
-9302
-8956
-9317
-9301
-9014
-9280
-8836
-8812
-9151
-9000
-9320
-8955
-9014
-8859
-8869
-9242
-8887
-8935
-9129
-8965
-9028
-8830
-9001
-9066
-8941
-9279
-8860
-9025
-9142
-9235
-9350
-8998
-9312
-9121
-8893
-8978
-9431
-9153
-9246
-9264
-8868
-9388
-9422
-9340
-9223
-9062
-9292
-9068
-9341
-9213
-9057
-8908
-8955
-8919
-9098
-8908
-9066
-9086
-9072
-9042
-9480
-9311
-9455
-9452
-9346
-9499
-9123
-8939
-9467
-9135
-9148
-9125
-9135
-9346
-9409
-9371
-9238
-9093
-9457
-9190
-8955
-9011
-9072
-9096
-9136
-9516
-9457
-9072
-9400
-9375
-9149
-9111
-9113
-8977
-9116
-9393
-8892
-9066
-9062
-8932
-9011
-9521
-8922
-9348
-9267
-9152
-8951
-9220
-9332
-9434
-9149
-9276
-8999
-9212
-9232
-9435
-9051
-9233
-9008
-9195
-9090
-9227
-9024
-9489
-9144
-9505
-9533
-9132
-9559
-9525
-8983
-9148
-9467
-9451
-9375
-9240
-9487
-9322
-9479
-9073
-9572
-9025
-8951
-9091
-9103
-9076
-9342
-9389
-9435
-9159
-9441
-9552
-8984
-9520
-9031
-9215
-9333
-9392
-9382
-9445
-9536
-9400
-9285
-9434
-9493
-9187
-9216
-9011
-9550
-9355
-9216
-9281
-9107
-9147
-9084
-9379
-9575
-9388
-9314
-9400
-9077
-9288
-9217
-9539
-9421
-9034
-9117
-9214
-9039
-9267
-9571
-9032
-9616
-9280
-9295
-9550
-9267
-9138
-9623
-9622
-8992
-9626
-9613
-9219
-9143
-9442
-9230
-9478
-9330
-9569
-9133
-9043
-9546
-9221
-9031
-9571
-9173
-9009
-9365
-9265
-9530
-9573
-9034
-9400
-9080
-9339
-9088
-9421
-9154
-9103
-9642
-9455
-9137
-9110
-9520
-9519
-9111
-9067
-9404
-9645
-9277
-9248
-9051
-9427
-9461
-9170
-9417
-9569
-9327
-9379
-9588
-9504
-9607
-9381
-9194
-9223
-9176
-9257
-9089
-9220
-9115
-9684
-9453
-9664
-9417
-9436
-9230
-9673
-9065
-9202
-9223
-9404
-9641
-9429
-9447
-9132
-9176
-9342
-9097
-9328
-9528
-9260
-9505
-9598
-9195
-9427
-9158
-9544
-9400
-9622
-9584
-9250
-9116
-9388
-9491
-9450
-9546
-9268
-9702
-9668
-9361
-9385
-9612
-9112
-9402
-9310
-9191
-9628
-9500
-9645
-9359
-9648
-9736
-9639
-9351
-9108
-9659
-9422
-9371
-9557
-9115
-9732
-9228
-9486
-9138
-9432
-9715
-9663
-9664
-9313
-9497
-9310
-9583
-9353
-9710
-9518
-9174
-9377
-9573
-9508
-9292
-9413
-9623
-9326
-9259
-9247
-9586
-9511
-9173
-9435
-9407
-9536
-9176
-9492
-9775
-9745
-9518
-9239
-9240
-9697
-9743
-9318
-9775
-9622
-9783
-9568
-9481
-9680
-9461
-9327
-9535
-9636
-9391
-9168
-9199
-9762
-9653
-9609
-9357
-9232
-9415
-9515
-9537
-9644
-9333
-9233
-9486
-9747
-9399
-9671
-9275
-9283
-9323
-9794
-9648
-9350
-9452
-9275
-9475
-9540
-9413
-9805
-9740
-9785
-9377
-9380
-9204
-9712
-9754
-9438
-9206
-9529
-9762
-9232
-9535
-9739
-9464
-9405
-9308
-9502
-9582
-9834
-9382
-9783
-9320
-9580
-9428
-9478
-9652
-9329
-9605
-9228
-9332
-9832
-9410
-9427
-9824
-9442
-9432
-9849
-9319
-9510
-9644
-9680
-9670
-9450
-9332
-9347
-9546
-9527
-9464
-9583
-9791
-9522
-9609
-9843
-9775
-9833
-9312
-9806
-9580
-9396
-9668
-9485
-9329
-9793
-9660
-9858
-9448
-9839
-9741
-9283
-9781
-9747
-9552
-9292
-9360
-9516
-9501
-9275
-9305
-9560
-9447
-9813
-9551
-9457
-9466
-9809
-9411
-9923
-9447
-9713
-9913
-9575
-9741
-9757
-9770
-9882
-9521
-9618
-9741
-9604
-9929
-9470
-9881
-9606
-9884
-9440
-9628
-9668
-9670
-9378
-9724
-9453
-9611
-9876
-9358
-9507
-9667
-9316
-9502
-9441
-9568
-9462
-9428
-9882
-9741
-9512
-9429
-9609
-9565
-9762
-9653
-9327
-9743
-9350
-9609
-9885
-9848
-9862
-9800
-9453
-9886
-9798
-9712
-9650
-9653
-9815
-9621
-9524
-9724
-9981
-9457
-9535
-9382
-9447
-9507
-9487
-9412
-9454
-9680
-9945
-9747
-9355
-9491
-9834
-9701
-9715
-9838
-9775
-9417
-9741
-9850
-9445
-9705
-9804
-9893
-9655
-9822
-9446
-9685
-9474
-9636
-9543
-9883
-9572
-9948
-9977
-9692
-9829
-9401
-9507
-9682
-9559
-10021
-9931
-9955
-9509
-9765
-9495
-10024
-9899
-9826
-9439
-9848
-9476
-9879
-9799
-9943
-10011
-9476
-9448
-9500
-9949
-9948
-9528
-9953
-9593
-9836
-9635
-9496
-9992
-9457
-9574
-9758
-9514
-9656
-9743
-9924
-9753
-10035
-9587
-9791
-9444
-10037
-9650
-10052
-10035
-9819
-9538
-9549
-9738
-9534
-9660
-9976
-9897
-9821
-9919
-9750
-10008
-9667
-10042
-9623
-10047
-9777
-9694
-10001
-9656
-9922
-9659
-9900
-9765
-9526
-9751
-10037
-9810
-9569
-9847
-9629
-9975
-9657
-9483
-9824
-9720
-10048
-9509
-9768
-9628
-9623
-9741
-10010
-9488
-9834
-9924
-9915
-9691
-9938
-9836
-9761
-9775
-9517
-9532
-10114
-9561
-9835
-9498
-10102
-9857
-10128
-9738
-9773
-9777
-9981
-9721
-9703
-9996
-9516
-9886
-9823
-9700
-9927
-9922
-10077
-9709
-9626
-9843
-10081
-9615
-9851
-9648
-9514
-9794
-9831
-9804
-9741
-9892
-10151
-10099
-10041
-10018
-10005
-10165
-10016
-9592
-10065
-9875
-10135
-9925
-9706
-9792
-9613
-10105
-9699
-9703
-10002
-9689
-10151
-10160
-9789
-9977
-9667
-9993
-9655
-9719
-9555
-9548
-9666
-9630
-9937
-9585
-9676
-9706
-10015
-9661
-10095
-10033
-9967
-9585
-9689
-9878
-9693
-9659
-9894
-9707
-9830
-9592
-9658
-9761
-10046
-9632
-10149
-10003
-10173
-10120
-10113
-10122
-9608
-9991
-10083
-9993
-9701
-9689
-9994
-10118
-9827
-10211
-9705
-9832
-9856
-9961
-9919
-9826
-9694
-9805
-9887
-9633
-9974
-9739
-10157
-9990
-10134
-10217
-9794
-9760
-9835
-9728
-9789
-9737
-9965
-9974
-9940
-9883
-9993
-10199
-9993
-10136
-9711
-9908
-10141
-9626
-9721
-9659
-10013
-9636
-9820
-10221
-9857
-9654
-9729
-9931
-10116
-9762
-9771
-10112
-9909
-9910
-10071
-10114
-10261
-9658
-9898
-9987
-10060
-9711
-9935
-9880
-10186
-10066
-9769
-9713
-9690
-9795
-9901
-9685
-9723
-10175
-10071
-9987
-9962
-10277
-9766
-10066
-9873
-10056
-9945
-9958
-10155
-9920
-9780
-10172
-10227
-10024
-10081
-9907
-9972
-9885
-10243
-9729
-10117
-9921
-9756
-10248
-10034
-9741
-9749
-10050
-10206
-9882
-10029
-9904
-10018
-9848
-9772
-10266
-10103
-10074
-10254
-10045
-9731
-10112
-10037
-10098
-10245
-10171
-9782
-9996
-9937
-9783
-10063
-9797
-9831
-9906
-10220
-9836
-10049
-10222
-10287
-10078
-9976
-10295
-9903
-10163
-9851
-10349
-9919
-10164
-9810
-9832
-9933
-9766
-10125
-9743
-9936
-9883
-9763
-10344
-10308
-10155
-9752
-10119
-10303
-9846
-9873
-10323
-10015
-10236
-10153
-10080
-10275
-10086
-10370
-9822
-9797
-10372
-10040
-10395
-9949
-9955
-10288
-10214
-10183
-9826
-10368
-9915
-10024
-9861
-9776
-10014
-9895
-10360
-10323
-10336
-10117
-10323
-9877
-9841
-9933
-10073
-10348
-9932
-9933
-10012
-10032
-10064
-9851
-10060
-9960
-10139
-10330
-9924
-10193
-9922
-10256
-10412
-9815
-10388
-9825
-10091
-10074
-10398
-9821
-10321
-10042
-10366
-10324
-10273
-10196
-9825
-9866
-10171
-9965
-9990
-10071
-10311
-10311
-9986
-9886
-9870
-9912
-10376
-10073
-9907
-10291
-9865
-10139
-9855
-10116
-9835
-10097
-9962
-10086
-9869
-10050
-10060
-10161
-10074
-9920
-9850
-10162
-10196
-9963
-10433
-10167
-10442
-10387
-10042
-10364
-9979
-10014
-9866
-10124
-10429
-10034
-9914
-10169
-10195
-10081
-10464
-9999
-9952
-10337
-9889
-10164
-10505
-9879
-10278
-10252
-9947
-10047
-9994
-10395
-10246
-10422
-10086
-10122
-10042
-10038
-10518
-9936
-9882
-10106
-9916
-9903
-10065
-9958
-10135
-10428
-10115
-10374
-10079
-10357
-10308
-10514
-9979
-10406
-9951
-10490
-10193
-9905
-9972
-10167
-9938
-10216
-9988
-10059
-10493
-10087
-10061
-10098
-10163
-10496
-10426
-9980
-10488
-10493
-10205
-9933
-10031
-9934
-10489
-10002
-10531
-10180
-10177
-10140
-9929
-9954
-10541
-10361
-10166
-10089
-10377
-10520
-9967
-10058
-10254
-10009
-10031
-10205
-10174
-10328
-10362
-10437
-10161
-10369
-10436
-10571
-10229
-10163
-10226
-10244
-10544
-9990
-10223
-10065
-10045
-10561
-10020
-10531
-10575
-10271
-10392
-10347
-10287
-10052
-10585
-10109
-9975
-10100
-10346
-10022
-10375
-10365
-10507
-10473
-10540
-9994
-10225
-10093
-10430
-10525
-10232
-10587
-10489
-10072
-10519
-10146
-10003
-10297
-10043
-10493
-10004
-10225
-10597
-10381
-10129
-10154
-10474
-10313
-10510
-10380
-10437
-10074
-10269
-10615
-10020
-10175
-10310
-10495
-10583
-10217
-10127
-10351
-10120
-10125
-10488
-10127
-10637
-10256
-10180
-10317
-10375
-10428
-10458
-10027
-10302
-10086
-10622
-10219
-10630
-10165
-10645
-10199
-10666
-10356
-10451
-10056
-10362
-10585
-10396
-10158
-10281
-10194
-10664
-10206
-10670
-10223
-10102
-10053
-10093
-10498
-10355
-10580
-10473
-10440
-10444
-10314
-10696
-10121
-10410
-10488
-10381
-10311
-10206
-10270
-10287
-10069
-10556
-10359
-10469
-10177
-10124
-10240
-10661
-10520
-10538
-10254
-10719
-10636
-10709
-10403
-10271
-10310
-10575
-10470
-10350
-10389
-10536
-10598
-10465
-10304
-10669
-10585
-10729
-10469
-10567
-10181
-10402
-10561
-10605
-10294
-10679
-10287
-10558
-10581
-10205
-10319
-10241
-10599
-10577
-10740
-10229
-10291
-10151
-10146
-10614
-10520
-10651
-10361
-10491
-10459
-10147
-10765
-10454
-10173
-10698
-10304
-10750
-10595
-10440
-10296
-10505
-10369
-10743
-10652
-10357
-10451
-10190
-10541
-10287
-10180
-10607
-10517
-10769
-10251
-10158
-10263
-10376
-10489
-10620
-10729
-10211
-10612
-10650
-10735
-10522
-10478
-10698
-10567
-10426
-10328
-10323
-10186
-10450
-10738
-10303
-10295
-10608
-10540
-10285
-10298
-10650
-10351
-10548
-10766
-10673
-10340
-10273
-10673
-10403
-10433
-10287
-10713
-10331
-10243
-10552
-10497
-10195
-10654
-10312
-10244
-10713
-10566
-10675
-10210
-10259
-10564
-10344
-10271
-10394
-10690
-10362
-10288
-10373
-10230
-10613
-10666
-10326
-10603
-10216
-10518
-10347
-10826
-10453
-10216
-10359
-10861
-10274
-10779
-10827
-10230
-10577
-10664
-10643
-10477
-10603
-10859
-10316
-10427
-10720
-10281
-10485
-10336
-10652
-10770
-10719
-10611
-10480
-10283
-10312
-10464
-10825
-10437
-10691
-10829
-10558
-10387
-10469
-10841
-10347
-10710
-10312
-10385
-10693
-10439
-10385
-10467
-10301
-10635
-10853
-10587
-10902
-10718
-10896
-10871
-10515
-10687
-10871
-10529
-10305
-10380
-10385
-10691
-10594
-10835
-10612
-10781
-10590
-10538
-10458
-10465
-10374
-10744
-10718
-10910
-10618
-10604
-10600
-10800
-10738
-10561
-10802
-10774
-10480
-10779
-10581
-10613
-10769
-10450
-10416
-10419
-10685
-10414
-10536
-10683
-10770
-10944
-10385
-10715
-10584
-10556
-10697
-10846
-10888
-10646
-10620
-10849
-10501
-10391
-10529
-10818
-10546
-10886
-10906
-10763
-10724
-10430
-10736
-10960
-10688
-10882
-10906
-10449
-10765
-10887
-10942
-10526
-10561
-10525
-10565
-10456
-10736
-10370
-10932
-10747
-10788
-10640
-10602
-10836
-10771
-10700
-10702
-10684
-10949
-10728
-10376
-10463
-10495
-10671
-10400
-10569
-10894
-10617
-10405
-10475
-10506
-10645
-10557
-10822
-10864
-10728
-10930
-10525
-10998
-10417
-10866
-10549
-10791
-10634
-10419
-10816
-11013
-10705
-10498
-10755
-10906
-10529
-10566
-10913
-10580
-10652
-11028
-10904
-10652
-10742
-10851
-10695
-10880
-10614
-11023
-10667
-10685
-10616
-10576
-10515
-10725
-10648
-10524
-10806
-10933
-10692
-10797
-10502
-11038
-10981
-11010
-10475
-10518
-10723
-10907
-10717
-11030
-10646
-10941
-10856
-10690
-10975
-11023
-10734
-10520
-10981
-10762
-10649
-10645
-10442
-10862
-10832
-10604
-10771
-10606
-10773
-10787
-10750
-11036
-10889
-10459
-10773
-10835
-10593
-10783
-10540
-11052
-11094
-10672
-10646
-10639
-10960
-10664
-10738
-10557
-10642
-11103
-11009
-10687
-10852
-10825
-10568
-10606
-10902
-10582
-10820
-10651
-10941
-11049
-11018
-11023
-11078
-10759
-10590
-10717
-10547
-10923
-10785
-10553
-10726
-11098
-10616
-10884
-11123
-10585
-10561
-10800
-10995
-10573
-10667
-10942
-10843
-10612
-10786
-11011
-10670
-10650
-10927
-10986
-10943
-10595
-10551
-10814
-10884
-11062
-10525
-10943
-10580
-10843
-10577
-10767
-11114
-10841
-10782
-11121
-10637
-10915
-10528
-10639
-10865
-10960
-10903
-10826
-10666
-10982
-10955
-11127
-11105
-10663
-10981
-10809
-10856
-10626
-10665
-10713
-11156
-11046
-10911
-10676
-11032
-10895
-10868
-10615
-11075
-11120
-10874
-10749
-10628
-10914
-10728
-10871
-11194
-10703
-11038
-11127
-11198
-10735
-11012
-10851
-10690
-10805
-10635
-11178
-10822
-10901
-10770
-10696
-10615
-10878
-10694
-11060
-10603
-10882
-10646
-11025
-10841
-11188
-11218
-10925
-10760
-10914
-10927
-10764
-10931
-11090
-10961
-10842
-11045
-10865
-10750
-10832
-11051
-10629
-10712
-10634
-11180
-10970
-11017
-10968
-11079
-11090
-10643
-11064
-10972
-10903
-10846
-10724
-10750
-11133
-10684
-10863
-10753
-10973
-10637
-10946
-10676
-11200
-11218
-11129
-11051
-10661
-10639
-10806
-10897
-11051
-10750
-11204
-10771
-11201
-10923
-11226
-10991
-10959
-10793
-11001
-10973
-10841
-11064
-10830
-11190
-11100
-10779
-10738
-11038
-10693
-10765
-11246
-10686
-11134
-11232
-11040
-10984
-10965
-11026
-11184
-11039
-10701
-10899
-10909
-11155
-11307
-10915
-11085
-11207
-10816
-10717
-11060
-10729
-10830
-10725
-10803
-10822
-11193
-11311
-11184
-10775
-10945
-11087
-10975
-10777
-10944
-11222
-10774
-11279
-11293
-10773
-11038
-10925
-10982
-10825
-11058
-11185
-10909
-10982
-10976
-10710
-10861
-10876
-10739
-11183
-10971
-11254
-10740
-10888
-11089
-11172
-10828
-11103
-11320
-10992
-11008
-10952
-10802
-10720
-11096
-11117
-11343
-10935
-10783
-10839
-11184
-11370
-11358
-11081
-11084
-10954
-10758
-10843
-11136
-11242
-11101
-11353
-10962
-10923
-10833
-10980
-11369
-11018
-10855
-11272
-10999
-11242
-10932
-10837
-11392
-10998
-11319
-11185
-11146
-11151
-10946
-11112
-11261
-11139
-11044
-10860
-11272
-11100
-11288
-11258
-10885
-10969
-11059
-10949
-11157
-10897
-10782
-11310
-11017
-10910
-11283
-11293
-10809
-11313
-11043
-11281
-10822
-11212
-10944
-11003
-11270
-10850
-11173
-10810
-11347
-11311
-11252
-11006
-11070
-10851
-11022
-10854
-11065
-11411
-10948
-11380
-10844
-10955
-11334
-11420
-10980
-11317
-10962
-10967
-10866
-11228
-10993
-10923
-10969
-10884
-11437
-11038
-10876
-10928
-10965
-10989
-11062
-11428
-11343
-10903
-11363
-10977
-11072
-11098
-11406
-11396
-11002
-11177
-11255
-10891
-11116
-10840
-11059
-11331
-10876
-11355
-10863
-11330
-11127
-11424
-11341
-11090
-11070
-10970
-11390
-11107
-11159
-11144
-11384
-11029
-11098
-10958
-11025
-10946
-11143
-11288
-11368
-11295
-11020
-11093
-11103
-11084
-11057
-11347
-11062
-10929
-11303
-11352
-10933
-11225
-11488
-11499
-10892
-11365
-11409
-11122
-11492
-11109
-11175
-11459
-11440
-11457
-11112
-11103
-11518
-11101
-11371
-11526
-11520
-11359
-11232
-11252
-11021
-11237
-10955
-11113
-10999
-10939
-11508
-11354
-11209
-11004
-11242
-11551
-10976
-11362
-11435
-11426
-11483
-11489
-11548
-11390
-11489
-11500
-11353
-11259
-11322
-11213
-11031
-11520
-11180
-11557
-11169
-11402
-11321
-11150
-11433
-11518
-11555
-11521
-11309
-11200
-11037
-11360
-11476
-11155
-11082
-11395
-11135
-11541
-11060
-11180
-11370
-10970
-11038
-11404
-11160
-11333
-11244
-11274
-11038
-11233
-11274
-11534
-11341
-11083
-11421
-11243
-11319
-11473
-11556
-11028
-11392
-11080
-10974
-11124
-11110
-11350
-11199
-11331
-11071
-11365
-11028
-11263
-11592
-11220
-11190
-11008
-11040
-11622
-11545
-11244
-11326
-11195
-11471
-11410
-11430
-11480
-11506
-11036
-11254
-11361
-11034
-11222
-11283
-11323
-11386
-11125
-11402
-11102
-11264
-11242
-11467
-11294
-11457
-11373
-11299
-11061
-11168
-11300
-11508
-11511
-11062
-11078
-11597
-11625
-11023
-11211
-11380
-11088
-11469
-11518
-11338
-11370
-11224
-11102
-11261
-11157
-11170
-11325
-11640
-11121
-11200
-11199
-11129
-11136
-11539
-11523
-11457
-11364
-11056
-11326
-11389
-11180
-11477
-11534
-11287
-11297
-11104
-11367
-11193
-11338
-11144
-11616
-11543
-11527
-11274
-11518
-11595
-11145
-11461
-11366
-11379
-11275
-11256
-11293
-11231
-11148
-11265
-11344
-11407
-11160
-11250
-11662
-11350
-11690
-11706
-11568
-11628
-11555
-11717
-11199
-11278
-11600
-11166
-11580
-11382
-11206
-11320
-11437
-11220
-11592
-11402
-11511
-11507
-11554
-11483
-11116
-11307
-11234
-11564
-11497
-11605
-11456
-11438
-11260
-11192
-11479
-11543
-11164
-11119
-11337
-11453
-11687
-11302
-11370
-11270
-11748
-11652
-11335
-11665
-11404
-11139
-11313
-11518
-11690
-11209
-11455
-11722
-11433
-11756
-11367
-11467
-11279
-11221
-11681
-11345
-11526
-11778
-11272
-11553
-11674
-11551
-11601
-11454
-11185
-11777
-11666
-11576
-11599
-11416
-11752
-11216
-11291
-11410
-11770
-11751
-11740
-11354
-11323
-11582
-11213
-11597
-11571
-11583
-11310
-11196
-11781
-11629
-11367
-11292
-11360
-11203
-11428
-11316
-11493
-11254
-11266
-11296
-11646
-11785
-11249
-11277
-11695
-11511
-11577
-11386
-11349
-11449
-11657
-11346
-11815
-11270
-11800
-11397
-11490
-11230
-11530
-11775
-11770
-11600
-11746
-11607
-11665
-11789
-11377
-11243
-11448
-11691
-11485
-11388
-11772
-11787
-11276
-11784
-11667
-11748
-11457
-11350
-11813
-11660
-11444
-11538
-11328
-11321
-11524
-11435
-11671
-11679
-11468
-11699
-11532
-11487
-11857
-11771
-11528
-11719
-11765
-11448
-11602
-11525
-11881
-11544
-11765
-11891
-11762
-11682
-11688
-11514
-11598
-11305
-11890
-11672
-11798
-11350
-11320
-11638
-11817
-11908
-11843
-11525
-11799
-11763
-11556
-11840
-11288
-11416
-11662
-11561
-11337
-11708
-11355
-11549
-11528
-11922
-11344
-11781
-11433
-11366
-11743
-11853
-11821
-11700
-11926
-11844
-11894
-11695
-11688
-11309
-11444
-11782
-11763
-11523
-11809
-11636
-11938
-11378
-11540
-11757
-11499
-11897
-11702
-11619
-11493
-11669
-11910
-11794
-11768
-11660
-11622
-11778
-11424
-11873
-11700
-11355
-11936
-11407
-11444
-11955
-11575
-11758
-11434
-11330
-11698
-11553
-11426
-11755
-11491
-11837
-11906
-11754
-11378
-11655
-11407
-11500
-11875
-11489
-11702
-11971
-11435
-11597
-11464
-11435
-11909
-11387
-11604
-11611
-11602
-11806
-11546
-11679
-11490
-11361
-11871
-11770
-12002
-11637
-11634
-11578
-11621
-11812
-11859
-11492
-11495
-11916
-11518
-11967
-11593
-11638
-11651
-11649
-11805
-11384
-11493
-11902
-11551
-11981
-11791
-11791
-11870
-12024
-11863
-11922
-11717
-12021
-11492
-11421
-11541
-11616
-11815
-11511
-11904
-11720
-11404
-11733
-11481
-11498
-11644
-11563
-11801
-11536
-11929
-11465
-11994
-12030
-12054
-11705
-11780
-11752
-11990
-11658
-11922
-12025
-11814
-11508
-11714
-11731
-11822
-11755
-11481
-11889
-11846
-11583
-11676
-11512
-11786
-12063
-11481
-11702
-12048
-11483
-11497
-11663
-11971
-12012
-11685
-11661
-11829
-11955
-11593
-11959
-11560
-11837
-11600
-11920
-11927
-12008
-11900
-11583
-11791
-11521
-12029
-12050
-12044
-12055
-11917
-11854
-11882
-11994
-11963
-11650
-12111
-11922
-11967
-11874
-12015
-11630
-11477
-11577
-11888
-11828
-11688
-12006
-11736
-11943
-11894
-11490
-11975
-11770
-11969
-11905
-12099
-11568
-12038
-11544
-11511
-12135
-11683
-11959
-11500
-11885
-11581
-11786
-11728
-11608
-11685
-11600
-11809
-12069
-11837
-11766
-11778
-11908
-11875
-11730
-11782
-11897
-12013
-11612
-11993
-11961
-12158
-11911
-11707
-12082
-11765
-11555
-12068
-12089
-12028
-11648
-11587
-12056
-11629
-11690
-12063
-11947
-11844
-12073
-12110
-12027
-11971
-11722
-11568
-11766
-12045
-11898
-11921
-11891
-11733
-11852
-11883
-11668
-11986
-11883
-11584
-11822
-11661
-11665
-11822
-12011
-12124
-11571
-11912
-11711
-11778
-11610
-11986
-12118
-11826
-11698
-11708
-11647
-12211
-12155
-11808
-11888
-11592
-11617
-12151
-12033
-11923
-11842
-11681
-11829
-11922
-11688
-11760
-11744
-12170
-12042
-11871
-11685
-11909
-11599
-12055
-11760
-11989
-11689
-11620
-11918
-12027
-12094
-12086
-12123
-12009
-11765
-11801
-11732
-11881
-12151
-12101
-12178
-11834
-11869
-12185
-11758
-11683
-11646
-12052
-11969
-11681
-12196
-12233
-12262
-11806
-12195
